	Total_sampled	Filtered	Blacklisted	Low_MAPQ	Missing_Flags	Excluded_Flags	Internal_Duplicates	Marked_Duplicates	Singletons	Wrong_strand	Wrong_motif	Unwanted_GC_content	Low_aligned_fraction
AG-Zf-T-ChIC-K27me3-i3_ACACACTA	208	85.57692307692307	0.0	0.0	0.0	0.0	0.0	0.0	0.0	0.0	85.57692307692307	1.4423076923076923	0.0
AG-Zf-T-ChIC-K27me3-i3_ACACATAG	6207	94.95730626711777	0.0	0.0	0.0	0.0	0.0	0.0	0.0	0.0	94.95730626711777	0.09666505558240696	0.0
AG-Zf-T-ChIC-K27me3-i3_ACACGAGA	215	73.48837209302326	0.0	0.0	0.0	0.0	0.0	0.0	0.0	0.0	73.48837209302326	0.46511627906976744	0.0
AG-Zf-T-ChIC-K27me3-i3_ACACTATC	201	84.5771144278607	0.0	0.0	0.0	0.0	0.0	0.0	0.0	0.0	84.5771144278607	0.0	0.0
AG-Zf-T-ChIC-K27me3-i3_ACACTGAT	10044	93.20987654320987	0.0	0.0	0.0	0.0	0.0	0.0	0.0	0.0	93.19992035045799	0.09956192751891675	0.0
AG-Zf-T-ChIC-K27me3-i3_ACAGTACG	388	73.19587628865979	0.0	0.0	0.0	0.0	0.0	0.0	0.0	0.0	73.19587628865979	0.0	0.0
AG-Zf-T-ChIC-K27me3-i3_ACATACGT	5410	79.90757855822551	0.0	0.0	0.0	0.0	0.0	0.0	0.0	0.0	79.85212569316081	0.2402957486136784	0.0
AG-Zf-T-ChIC-K27me3-i3_ACATCACA	299	71.57190635451505	0.0	0.0	0.0	0.0	0.0	0.0	0.0	0.0	71.57190635451505	1.0033444816053512	0.0
AG-Zf-T-ChIC-K27me3-i3_ACATCTAT	646	71.51702786377709	0.0	0.0	0.0	0.0	0.0	0.0	0.0	0.0	71.51702786377709	0.30959752321981426	0.0
AG-Zf-T-ChIC-K27me3-i3_ACGACGCG	5479	83.50063880270122	0.0	0.0	0.0	0.0	0.0	0.0	0.0	0.0	83.46413579120278	0.10950903449534588	0.0
AG-Zf-T-ChIC-K27me3-i3_ACGCAGTC	2896	78.8328729281768	0.0	0.0	0.0	0.0	0.0	0.0	0.0	0.0	78.8328729281768	0.06906077348066297	0.0
AG-Zf-T-ChIC-K27me3-i3_ACGCGCGC	345	73.62318840579711	0.0	0.0	0.0	0.0	0.0	0.0	0.0	0.0	73.62318840579711	0.2898550724637681	0.0
AG-Zf-T-ChIC-K27me3-i3_ACGTAGAT	789	76.04562737642586	0.0	0.0	0.0	0.0	0.0	0.0	0.0	0.0	76.04562737642586	0.12674271229404308	0.0
AG-Zf-T-ChIC-K27me3-i3_ACGTGATC	1169	79.98289136013686	0.0	0.0	0.0	0.0	0.0	0.0	0.0	0.0	79.98289136013686	0.3421727972626176	0.0
AG-Zf-T-ChIC-K27me3-i3_ACTACAGT	164	69.51219512195121	0.0	0.0	0.0	0.0	0.0	0.0	0.0	0.0	68.90243902439023	0.6097560975609756	0.0
AG-Zf-T-ChIC-K27me3-i3_ACTACTAC	324	73.4567901234568	0.0	0.0	0.0	0.0	0.0	0.0	0.0	0.0	73.4567901234568	0.6172839506172839	0.0
AG-Zf-T-ChIC-K27me3-i3_ACTATATA	591	72.58883248730965	0.0	0.0	0.0	0.0	0.0	0.0	0.0	0.0	72.58883248730965	0.676818950930626	0.0
AG-Zf-T-ChIC-K27me3-i3_ACTCGATG	646	72.44582043343654	0.0	0.0	0.0	0.0	0.0	0.0	0.0	0.0	72.29102167182663	0.46439628482972134	0.0
AG-Zf-T-ChIC-K27me3-i3_ACTGACTC	1846	74.81040086673889	0.0	0.0	0.0	0.0	0.0	0.0	0.0	0.0	74.75622968580716	0.16251354279523295	0.0
AG-Zf-T-ChIC-K27me3-i3_ACTGATCA	365	75.89041095890411	0.0	0.0	0.0	0.0	0.0	0.0	0.0	0.0	75.61643835616438	0.273972602739726	0.0
AG-Zf-T-ChIC-K27me3-i3_ACTGTCGT	70	77.14285714285715	0.0	0.0	0.0	0.0	0.0	0.0	0.0	0.0	77.14285714285715	0.0	0.0
AG-Zf-T-ChIC-K27me3-i3_AGACGCAG	267	68.53932584269663	0.0	0.0	0.0	0.0	0.0	0.0	0.0	0.0	68.53932584269663	0.0	0.0
AG-Zf-T-ChIC-K27me3-i3_AGACTGTA	396	70.70707070707071	0.0	0.0	0.0	0.0	0.0	0.0	0.0	0.0	70.70707070707071	0.0	0.0
AG-Zf-T-ChIC-K27me3-i3_AGAGAGTC	15928	83.06127574083375	0.0	0.0	0.0	0.0	0.0	0.0	0.0	0.0	83.04871923656454	0.1443997990959317	0.0
AG-Zf-T-ChIC-K27me3-i3_AGAGATAT	120	78.33333333333333	0.0	0.0	0.0	0.0	0.0	0.0	0.0	0.0	78.33333333333333	0.0	0.0
AG-Zf-T-ChIC-K27me3-i3_AGAGCGCG	45	86.66666666666667	0.0	0.0	0.0	0.0	0.0	0.0	0.0	0.0	86.66666666666667	4.444444444444445	0.0
AG-Zf-T-ChIC-K27me3-i3_AGATAGCA	61	81.9672131147541	0.0	0.0	0.0	0.0	0.0	0.0	0.0	0.0	81.9672131147541	0.0	0.0
AG-Zf-T-ChIC-K27me3-i3_AGCAGCTG	137	84.67153284671532	0.0	0.0	0.0	0.0	0.0	0.0	0.0	0.0	84.67153284671532	0.0	0.0
AG-Zf-T-ChIC-K27me3-i3_AGCATACG	99	78.78787878787878	0.0	0.0	0.0	0.0	0.0	0.0	0.0	0.0	78.78787878787878	1.0101010101010102	0.0
AG-Zf-T-ChIC-K27me3-i3_AGCGATGC	2916	90.39780521262003	0.0	0.0	0.0	0.0	0.0	0.0	0.0	0.0	90.39780521262003	0.205761316872428	0.0
AG-Zf-T-ChIC-K27me3-i3_AGCGCATC	416	69.47115384615384	0.0	0.0	0.0	0.0	0.0	0.0	0.0	0.0	69.47115384615384	0.0	0.0
AG-Zf-T-ChIC-K27me3-i3_AGCGTCTA	3609	82.7098919368246	0.0	0.0	0.0	0.0	0.0	0.0	0.0	0.0	82.7098919368246	0.13854253255749516	0.0
AG-Zf-T-ChIC-K27me3-i3_AGCTGACA	3177	81.99559332703808	0.0	0.0	0.0	0.0	0.0	0.0	0.0	0.0	81.96411709159584	0.28328611898017	0.0
AG-Zf-T-ChIC-K27me3-i3_AGTATAGC	3531	83.17757009345794	0.0	0.0	0.0	0.0	0.0	0.0	0.0	0.0	83.14924950438969	0.3964882469555367	0.0
AG-Zf-T-ChIC-K27me3-i3_AGTCACTG	395	69.11392405063292	0.0	0.0	0.0	0.0	0.0	0.0	0.0	0.0	69.11392405063292	0.0	0.0
AG-Zf-T-ChIC-K27me3-i3_ATACGTCT	702	80.76923076923077	0.0	0.0	0.0	0.0	0.0	0.0	0.0	0.0	80.76923076923077	0.14245014245014245	0.0
AG-Zf-T-ChIC-K27me3-i3_ATACTGCG	4348	79.85280588776449	0.0	0.0	0.0	0.0	0.0	0.0	0.0	0.0	79.85280588776449	0.11499540018399264	0.0
AG-Zf-T-ChIC-K27me3-i3_ATAGCATG	154	77.92207792207793	0.0	0.0	0.0	0.0	0.0	0.0	0.0	0.0	77.92207792207793	0.0	0.0
AG-Zf-T-ChIC-K27me3-i3_ATAGCGAT	463	74.51403887688986	0.0	0.0	0.0	0.0	0.0	0.0	0.0	0.0	74.29805615550757	1.511879049676026	0.0
AG-Zf-T-ChIC-K27me3-i3_ATATATGA	802	73.94014962593516	0.0	0.0	0.0	0.0	0.0	0.0	0.0	0.0	73.94014962593516	0.0	0.0
AG-Zf-T-ChIC-K27me3-i3_ATATGATA	4601	80.0043468811128	0.0	0.0	0.0	0.0	0.0	0.0	0.0	0.0	80.0043468811128	0.0869376222560313	0.0
AG-Zf-T-ChIC-K27me3-i3_ATCACAGA	1768	76.13122171945702	0.0	0.0	0.0	0.0	0.0	0.0	0.0	0.0	76.07466063348416	0.056561085972850686	0.0
AG-Zf-T-ChIC-K27me3-i3_ATCAGTAT	6507	76.08729061011219	0.0	0.0	0.0	0.0	0.0	0.0	0.0	0.0	76.07192254495159	0.09220839096357768	0.0
AG-Zf-T-ChIC-K27me3-i3_ATCATCGC	740	80.4054054054054	0.0	0.0	0.0	0.0	0.0	0.0	0.0	0.0	80.4054054054054	0.6756756756756757	0.0
AG-Zf-T-ChIC-K27me3-i3_ATCGAGAG	1298	71.10939907550076	0.0	0.0	0.0	0.0	0.0	0.0	0.0	0.0	71.10939907550076	0.3852080123266564	0.0
AG-Zf-T-ChIC-K27me3-i3_ATCGTCAT	1164	74.05498281786942	0.0	0.0	0.0	0.0	0.0	0.0	0.0	0.0	74.05498281786942	0.1718213058419244	0.0
AG-Zf-T-ChIC-K27me3-i3_ATCTACTC	661	72.61724659606656	0.0	0.0	0.0	0.0	0.0	0.0	0.0	0.0	72.61724659606656	0.45385779122541603	0.0
AG-Zf-T-ChIC-K27me3-i3_ATCTCGAC	1494	74.02945113788488	0.0	0.0	0.0	0.0	0.0	0.0	0.0	0.0	74.02945113788488	0.0	0.0
AG-Zf-T-ChIC-K27me3-i3_ATGAGTGA	194	73.19587628865979	0.0	0.0	0.0	0.0	0.0	0.0	0.0	0.0	73.19587628865979	0.0	0.0
AG-Zf-T-ChIC-K27me3-i3_ATGATACA	175	70.28571428571428	0.0	0.0	0.0	0.0	0.0	0.0	0.0	0.0	70.28571428571428	0.0	0.0
AG-Zf-T-ChIC-K27me3-i3_ATGATGAT	59	86.4406779661017	0.0	0.0	0.0	0.0	0.0	0.0	0.0	0.0	86.4406779661017	8.47457627118644	0.0
AG-Zf-T-ChIC-K27me3-i3_ATGTCGTG	89	70.78651685393258	0.0	0.0	0.0	0.0	0.0	0.0	0.0	0.0	70.78651685393258	1.1235955056179776	0.0
AG-Zf-T-ChIC-K27me3-i3_ATGTGTAC	300	71.0	0.0	0.0	0.0	0.0	0.0	0.0	0.0	0.0	71.0	1.0	0.0
AG-Zf-T-ChIC-K27me3-i3_CACAGATA	194	73.19587628865979	0.0	0.0	0.0	0.0	0.0	0.0	0.0	0.0	73.19587628865979	3.0927835051546393	0.0
AG-Zf-T-ChIC-K27me3-i3_CACGACAG	84	79.76190476190477	0.0	0.0	0.0	0.0	0.0	0.0	0.0	0.0	79.76190476190477	0.0	0.0
AG-Zf-T-ChIC-K27me3-i3_CACGCAGC	128	71.09375	0.0	0.0	0.0	0.0	0.0	0.0	0.0	0.0	71.09375	0.0	0.0
AG-Zf-T-ChIC-K27me3-i3_CACGCGCG	458	79.91266375545851	0.0	0.0	0.0	0.0	0.0	0.0	0.0	0.0	79.91266375545851	0.43668122270742354	0.0
AG-Zf-T-ChIC-K27me3-i3_CACTAGAT	740	75.67567567567568	0.0	0.0	0.0	0.0	0.0	0.0	0.0	0.0	75.67567567567568	0.2702702702702703	0.0
AG-Zf-T-ChIC-K27me3-i3_CAGACGTA	1348	78.7833827893175	0.0	0.0	0.0	0.0	0.0	0.0	0.0	0.0	78.7833827893175	0.370919881305638	0.0
AG-Zf-T-ChIC-K27me3-i3_CAGCACTC	703	86.48648648648648	0.0	0.0	0.0	0.0	0.0	0.0	0.0	0.0	86.48648648648648	0.1422475106685633	0.0
AG-Zf-T-ChIC-K27me3-i3_CAGCAGCG	127	75.59055118110236	0.0	0.0	0.0	0.0	0.0	0.0	0.0	0.0	75.59055118110236	0.0	0.0
AG-Zf-T-ChIC-K27me3-i3_CAGCGCGA	632	79.58860759493672	0.0	0.0	0.0	0.0	0.0	0.0	0.0	0.0	79.58860759493672	0.0	0.0
AG-Zf-T-ChIC-K27me3-i3_CAGCTGAT	1783	78.85586090858105	0.0	0.0	0.0	0.0	0.0	0.0	0.0	0.0	78.85586090858105	0.11217049915872125	0.0
AG-Zf-T-ChIC-K27me3-i3_CATAGAGT	889	78.0652418447694	0.0	0.0	0.0	0.0	0.0	0.0	0.0	0.0	78.0652418447694	0.0	0.0
AG-Zf-T-ChIC-K27me3-i3_CATATATG	1067	74.78912839737582	0.0	0.0	0.0	0.0	0.0	0.0	0.0	0.0	74.6954076850984	0.28116213683223995	0.0
AG-Zf-T-ChIC-K27me3-i3_CATATGCT	869	72.72727272727273	0.0	0.0	0.0	0.0	0.0	0.0	0.0	0.0	72.72727272727273	0.23014959723820483	0.0
AG-Zf-T-ChIC-K27me3-i3_CATCAGTA	1686	78.64768683274022	0.0	0.0	0.0	0.0	0.0	0.0	0.0	0.0	78.64768683274022	0.1779359430604982	0.0
AG-Zf-T-ChIC-K27me3-i3_CATCATAG	1734	74.62514417531719	0.0	0.0	0.0	0.0	0.0	0.0	0.0	0.0	74.62514417531719	0.11534025374855825	0.0
AG-Zf-T-ChIC-K27me3-i3_CATGACGT	333	70.27027027027027	0.0	0.0	0.0	0.0	0.0	0.0	0.0	0.0	70.27027027027027	0.0	0.0
AG-Zf-T-ChIC-K27me3-i3_CGACACAT	2318	74.89214840379638	0.0	0.0	0.0	0.0	0.0	0.0	0.0	0.0	74.89214840379638	0.0	0.0
AG-Zf-T-ChIC-K27me3-i3_CGACATCA	1411	73.70659107016301	0.0	0.0	0.0	0.0	0.0	0.0	0.0	0.0	73.5648476257973	0.21261516654854712	0.0
AG-Zf-T-ChIC-K27me3-i3_CGACGACG	3	100.0	0.0	0.0	0.0	0.0	0.0	0.0	0.0	0.0	100.0	0.0	0.0
AG-Zf-T-ChIC-K27me3-i3_CGACGCGC	12	100.0	0.0	0.0	0.0	0.0	0.0	0.0	0.0	0.0	100.0	0.0	0.0
AG-Zf-T-ChIC-K27me3-i3_CGAGTAGC	49	75.51020408163265	0.0	0.0	0.0	0.0	0.0	0.0	0.0	0.0	75.51020408163265	0.0	0.0
AG-Zf-T-ChIC-K27me3-i3_CGCACATG	50	72.0	0.0	0.0	0.0	0.0	0.0	0.0	0.0	0.0	72.0	4.0	0.0
AG-Zf-T-ChIC-K27me3-i3_CGCAGTCA	153	67.97385620915033	0.0	0.0	0.0	0.0	0.0	0.0	0.0	0.0	67.97385620915033	1.3071895424836601	0.0
AG-Zf-T-ChIC-K27me3-i3_CGCATCGA	381	72.44094488188976	0.0	0.0	0.0	0.0	0.0	0.0	0.0	0.0	72.44094488188976	0.26246719160104987	0.0
AG-Zf-T-ChIC-K27me3-i3_CGCGAGCA	86	69.76744186046511	0.0	0.0	0.0	0.0	0.0	0.0	0.0	0.0	69.76744186046511	2.3255813953488373	0.0
AG-Zf-T-ChIC-K27me3-i3_CGCGCGAC	113	81.41592920353983	0.0	0.0	0.0	0.0	0.0	0.0	0.0	0.0	81.41592920353983	0.8849557522123894	0.0
AG-Zf-T-ChIC-K27me3-i3_CGCGTGTG	454	74.8898678414097	0.0	0.0	0.0	0.0	0.0	0.0	0.0	0.0	74.8898678414097	0.0	0.0
AG-Zf-T-ChIC-K27me3-i3_CGCTGAGC	501	75.44910179640718	0.0	0.0	0.0	0.0	0.0	0.0	0.0	0.0	75.44910179640718	0.19960079840319359	0.0
AG-Zf-T-ChIC-K27me3-i3_CGTAGTGC	881	73.43927355278093	0.0	0.0	0.0	0.0	0.0	0.0	0.0	0.0	73.32576617480136	0.22701475595913734	0.0
AG-Zf-T-ChIC-K27me3-i3_CGTCAGAC	345	68.69565217391305	0.0	0.0	0.0	0.0	0.0	0.0	0.0	0.0	68.69565217391305	0.0	0.0
AG-Zf-T-ChIC-K27me3-i3_CGTCGAGA	281	70.8185053380783	0.0	0.0	0.0	0.0	0.0	0.0	0.0	0.0	70.8185053380783	0.0	0.0
AG-Zf-T-ChIC-K27me3-i3_CGTGCGCT	578	73.01038062283737	0.0	0.0	0.0	0.0	0.0	0.0	0.0	0.0	72.83737024221453	0.6920415224913495	0.0
AG-Zf-T-ChIC-K27me3-i3_CGTGTACG	241	74.68879668049793	0.0	0.0	0.0	0.0	0.0	0.0	0.0	0.0	74.68879668049793	0.0	0.0
AG-Zf-T-ChIC-K27me3-i3_CTACGTGA	59	76.27118644067797	0.0	0.0	0.0	0.0	0.0	0.0	0.0	0.0	76.27118644067797	0.0	0.0
AG-Zf-T-ChIC-K27me3-i3_CTAGACTA	223	89.23766816143498	0.0	0.0	0.0	0.0	0.0	0.0	0.0	0.0	89.23766816143498	0.4484304932735426	0.0
AG-Zf-T-ChIC-K27me3-i3_CTAGTCGT	38	71.05263157894737	0.0	0.0	0.0	0.0	0.0	0.0	0.0	0.0	71.05263157894737	0.0	0.0
AG-Zf-T-ChIC-K27me3-i3_CTATATAT	443	67.72009029345372	0.0	0.0	0.0	0.0	0.0	0.0	0.0	0.0	67.72009029345372	0.2257336343115124	0.0
AG-Zf-T-ChIC-K27me3-i3_CTATCACG	245	68.16326530612244	0.0	0.0	0.0	0.0	0.0	0.0	0.0	0.0	68.16326530612244	0.0	0.0
AG-Zf-T-ChIC-K27me3-i3_CTATGAGT	388	72.42268041237114	0.0	0.0	0.0	0.0	0.0	0.0	0.0	0.0	72.42268041237114	0.0	0.0
AG-Zf-T-ChIC-K27me3-i3_CTCACGCT	1530	71.63398692810458	0.0	0.0	0.0	0.0	0.0	0.0	0.0	0.0	71.50326797385621	0.5882352941176471	0.0
AG-Zf-T-ChIC-K27me3-i3_CTCGATAC	870	73.67816091954023	0.0	0.0	0.0	0.0	0.0	0.0	0.0	0.0	73.67816091954023	0.22988505747126436	0.0
AG-Zf-T-ChIC-K27me3-i3_CTCGCATA	1416	72.2457627118644	0.0	0.0	0.0	0.0	0.0	0.0	0.0	0.0	72.17514124293785	0.07062146892655367	0.0
AG-Zf-T-ChIC-K27me3-i3_CTGATGCG	961	68.67845993756504	0.0	0.0	0.0	0.0	0.0	0.0	0.0	0.0	68.67845993756504	0.10405827263267431	0.0
AG-Zf-T-ChIC-K27me3-i3_CTGCACGT	10	90.0	0.0	0.0	0.0	0.0	0.0	0.0	0.0	0.0	90.0	0.0	0.0
AG-Zf-T-ChIC-K27me3-i3_CTGCTATC	67	67.16417910447761	0.0	0.0	0.0	0.0	0.0	0.0	0.0	0.0	67.16417910447761	0.0	0.0
AG-Zf-T-ChIC-K27me3-i3_CTGTATCG	128	66.40625	0.0	0.0	0.0	0.0	0.0	0.0	0.0	0.0	66.40625	0.78125	0.0
AG-Zf-T-ChIC-K27me3-i3_CTGTCGCA	12	100.0	0.0	0.0	0.0	0.0	0.0	0.0	0.0	0.0	100.0	0.0	0.0
AG-Zf-T-ChIC-K27me3-i3_GACACGAC	523	71.51051625239006	0.0	0.0	0.0	0.0	0.0	0.0	0.0	0.0	71.51051625239006	0.5736137667304015	0.0
AG-Zf-T-ChIC-K27me3-i3_GACACTCG	461	73.53579175704989	0.0	0.0	0.0	0.0	0.0	0.0	0.0	0.0	73.53579175704989	0.21691973969631237	0.0
AG-Zf-T-ChIC-K27me3-i3_GACAGCGC	62	88.70967741935483	0.0	0.0	0.0	0.0	0.0	0.0	0.0	0.0	88.70967741935483	3.225806451612903	0.0
AG-Zf-T-ChIC-K27me3-i3_GACATAGT	328	74.39024390243902	0.0	0.0	0.0	0.0	0.0	0.0	0.0	0.0	74.39024390243902	0.6097560975609756	0.0
AG-Zf-T-ChIC-K27me3-i3_GACATGTA	835	68.62275449101797	0.0	0.0	0.0	0.0	0.0	0.0	0.0	0.0	68.62275449101797	0.23952095808383234	0.0
AG-Zf-T-ChIC-K27me3-i3_GACGAGTC	1215	76.79012345679013	0.0	0.0	0.0	0.0	0.0	0.0	0.0	0.0	76.79012345679013	0.1646090534979424	0.0
AG-Zf-T-ChIC-K27me3-i3_GACGTATG	1062	72.97551789077212	0.0	0.0	0.0	0.0	0.0	0.0	0.0	0.0	72.97551789077212	0.09416195856873823	0.0
AG-Zf-T-ChIC-K27me3-i3_GACTACTA	452	73.67256637168141	0.0	0.0	0.0	0.0	0.0	0.0	0.0	0.0	73.67256637168141	0.0	0.0
AG-Zf-T-ChIC-K27me3-i3_GACTGACG	929	79.00968783638321	0.0	0.0	0.0	0.0	0.0	0.0	0.0	0.0	79.00968783638321	0.2152852529601722	0.0
AG-Zf-T-ChIC-K27me3-i3_GAGAGTCT	472	68.22033898305084	0.0	0.0	0.0	0.0	0.0	0.0	0.0	0.0	68.22033898305084	0.0	0.0
AG-Zf-T-ChIC-K27me3-i3_GATACATA	1768	80.59954751131222	0.0	0.0	0.0	0.0	0.0	0.0	0.0	0.0	80.59954751131222	0.5656108597285068	0.0
AG-Zf-T-ChIC-K27me3-i3_GATATCAT	395	72.65822784810126	0.0	0.0	0.0	0.0	0.0	0.0	0.0	0.0	72.65822784810126	2.0253164556962027	0.0
AG-Zf-T-ChIC-K27me3-i3_GATCTCTG	2536	73.97476340694006	0.0	0.0	0.0	0.0	0.0	0.0	0.0	0.0	73.93533123028391	0.27602523659305994	0.0
AG-Zf-T-ChIC-K27me3-i3_GATGAGAT	1698	73.2037691401649	0.0	0.0	0.0	0.0	0.0	0.0	0.0	0.0	73.14487632508833	0.058892815076560655	0.0
AG-Zf-T-ChIC-K27me3-i3_GATGCGTG	1343	74.23678332092331	0.0	0.0	0.0	0.0	0.0	0.0	0.0	0.0	74.23678332092331	0.14892032762472077	0.0
AG-Zf-T-ChIC-K27me3-i3_GCACACGC	815	74.3558282208589	0.0	0.0	0.0	0.0	0.0	0.0	0.0	0.0	74.3558282208589	0.0	0.0
AG-Zf-T-ChIC-K27me3-i3_GCACTCAG	2033	72.1593703885883	0.0	0.0	0.0	0.0	0.0	0.0	0.0	0.0	72.1593703885883	0.14756517461878996	0.0
AG-Zf-T-ChIC-K27me3-i3_GCAGTCTC	566	71.37809187279152	0.0	0.0	0.0	0.0	0.0	0.0	0.0	0.0	71.37809187279152	0.0	0.0
AG-Zf-T-ChIC-K27me3-i3_GCATAGCG	2182	79.92667277726856	0.0	0.0	0.0	0.0	0.0	0.0	0.0	0.0	79.92667277726856	0.18331805682859761	0.0
AG-Zf-T-ChIC-K27me3-i3_GCATGCTA	1889	74.96029645314981	0.0	0.0	0.0	0.0	0.0	0.0	0.0	0.0	74.9073583906829	0.10587612493382743	0.0
AG-Zf-T-ChIC-K27me3-i3_GCGACACT	195	69.23076923076923	0.0	0.0	0.0	0.0	0.0	0.0	0.0	0.0	69.23076923076923	1.0256410256410255	0.0
AG-Zf-T-ChIC-K27me3-i3_GCGAGCAT	123	71.54471544715447	0.0	0.0	0.0	0.0	0.0	0.0	0.0	0.0	71.54471544715447	0.0	0.0
AG-Zf-T-ChIC-K27me3-i3_GCGATGCA	159	72.95597484276729	0.0	0.0	0.0	0.0	0.0	0.0	0.0	0.0	72.95597484276729	1.257861635220126	0.0
AG-Zf-T-ChIC-K27me3-i3_GCGCAGCT	603	67.99336650082918	0.0	0.0	0.0	0.0	0.0	0.0	0.0	0.0	67.99336650082918	0.33167495854063017	0.0
AG-Zf-T-ChIC-K27me3-i3_GCGCGCTG	104	63.46153846153846	0.0	0.0	0.0	0.0	0.0	0.0	0.0	0.0	62.5	0.9615384615384616	0.0
AG-Zf-T-ChIC-K27me3-i3_GCGCTACG	248	78.62903225806451	0.0	0.0	0.0	0.0	0.0	0.0	0.0	0.0	78.62903225806451	0.8064516129032258	0.0
AG-Zf-T-ChIC-K27me3-i3_GCGCTGAC	985	75.1269035532995	0.0	0.0	0.0	0.0	0.0	0.0	0.0	0.0	75.1269035532995	0.3045685279187817	0.0
AG-Zf-T-ChIC-K27me3-i3_GCGTCATA	670	72.68656716417911	0.0	0.0	0.0	0.0	0.0	0.0	0.0	0.0	72.68656716417911	0.1492537313432836	0.0
AG-Zf-T-ChIC-K27me3-i3_GCGTGTGA	1155	81.03896103896105	0.0	0.0	0.0	0.0	0.0	0.0	0.0	0.0	81.03896103896105	0.08658008658008658	0.0
AG-Zf-T-ChIC-K27me3-i3_GCTACGAG	196	74.48979591836735	0.0	0.0	0.0	0.0	0.0	0.0	0.0	0.0	74.48979591836735	0.5102040816326531	0.0
AG-Zf-T-ChIC-K27me3-i3_GCTCATAT	715	74.12587412587412	0.0	0.0	0.0	0.0	0.0	0.0	0.0	0.0	74.12587412587412	0.13986013986013987	0.0
AG-Zf-T-ChIC-K27me3-i3_GCTCGAGC	237	81.0126582278481	0.0	0.0	0.0	0.0	0.0	0.0	0.0	0.0	81.0126582278481	0.0	0.0
AG-Zf-T-ChIC-K27me3-i3_GCTGCACG	540	77.96296296296296	0.0	0.0	0.0	0.0	0.0	0.0	0.0	0.0	77.96296296296296	0.0	0.0
AG-Zf-T-ChIC-K27me3-i3_GTACGATC	644	75.77639751552795	0.0	0.0	0.0	0.0	0.0	0.0	0.0	0.0	75.77639751552795	0.3105590062111801	0.0
AG-Zf-T-ChIC-K27me3-i3_GTAGCAGA	284	78.16901408450704	0.0	0.0	0.0	0.0	0.0	0.0	0.0	0.0	78.16901408450704	0.35211267605633806	0.0
AG-Zf-T-ChIC-K27me3-i3_GTATACTG	470	76.38297872340426	0.0	0.0	0.0	0.0	0.0	0.0	0.0	0.0	76.38297872340426	0.0	0.0
AG-Zf-T-ChIC-K27me3-i3_GTATCTAG	3593	79.82187586974673	0.0	0.0	0.0	0.0	0.0	0.0	0.0	0.0	79.76621207904259	0.22265516281658781	0.0
AG-Zf-T-ChIC-K27me3-i3_GTCACATC	4915	78.67751780264497	0.0	0.0	0.0	0.0	0.0	0.0	0.0	0.0	78.67751780264497	0.14242115971515767	0.0
AG-Zf-T-ChIC-K27me3-i3_GTGAGATG	1641	71.96831200487507	0.0	0.0	0.0	0.0	0.0	0.0	0.0	0.0	71.96831200487507	0.18281535648994515	0.0
AG-Zf-T-ChIC-K27me3-i3_TACACTAT	1365	72.08791208791209	0.0	0.0	0.0	0.0	0.0	0.0	0.0	0.0	72.08791208791209	0.0	0.0
AG-Zf-T-ChIC-K27me3-i3_TACATACA	3031	74.06796436819532	0.0	0.0	0.0	0.0	0.0	0.0	0.0	0.0	74.06796436819532	0.23094688221709006	0.0
AG-Zf-T-ChIC-K27me3-i3_TACATCAG	1120	74.28571428571429	0.0	0.0	0.0	0.0	0.0	0.0	0.0	0.0	74.28571428571429	0.08928571428571429	0.0
AG-Zf-T-ChIC-K27me3-i3_TAGATCTA	1644	74.51338199513383	0.0	0.0	0.0	0.0	0.0	0.0	0.0	0.0	74.51338199513383	0.0	0.0
AG-Zf-T-ChIC-K27me3-i3_TAGCGCAG	849	71.37809187279152	0.0	0.0	0.0	0.0	0.0	0.0	0.0	0.0	71.37809187279152	0.0	0.0
AG-Zf-T-ChIC-K27me3-i3_TAGTACGT	22	81.81818181818183	0.0	0.0	0.0	0.0	0.0	0.0	0.0	0.0	81.81818181818183	0.0	0.0
AG-Zf-T-ChIC-K27me3-i3_TAGTCATC	214	74.29906542056075	0.0	0.0	0.0	0.0	0.0	0.0	0.0	0.0	74.29906542056075	1.8691588785046727	0.0
AG-Zf-T-ChIC-K27me3-i3_TATACGTC	130	67.6923076923077	0.0	0.0	0.0	0.0	0.0	0.0	0.0	0.0	67.6923076923077	1.5384615384615385	0.0
AG-Zf-T-ChIC-K27me3-i3_TATAGTAC	372	73.9247311827957	0.0	0.0	0.0	0.0	0.0	0.0	0.0	0.0	73.9247311827957	1.0752688172043012	0.0
AG-Zf-T-ChIC-K27me3-i3_TATCATCA	875	74.17142857142856	0.0	0.0	0.0	0.0	0.0	0.0	0.0	0.0	74.17142857142856	0.6857142857142857	0.0
AG-Zf-T-ChIC-K27me3-i3_TATCTATA	126	83.33333333333334	0.0	0.0	0.0	0.0	0.0	0.0	0.0	0.0	83.33333333333334	0.7936507936507936	0.0
AG-Zf-T-ChIC-K27me3-i3_TATGCTAG	422	80.80568720379146	0.0	0.0	0.0	0.0	0.0	0.0	0.0	0.0	80.80568720379146	0.23696682464454977	0.0
AG-Zf-T-ChIC-K27me3-i3_TCACATGT	614	67.26384364820846	0.0	0.0	0.0	0.0	0.0	0.0	0.0	0.0	67.26384364820846	0.32573289902280134	0.0
AG-Zf-T-ChIC-K27me3-i3_TCACGCTC	639	75.11737089201877	0.0	0.0	0.0	0.0	0.0	0.0	0.0	0.0	74.96087636932708	0.4694835680751174	0.0
AG-Zf-T-ChIC-K27me3-i3_TCACTGCA	825	73.21212121212122	0.0	0.0	0.0	0.0	0.0	0.0	0.0	0.0	73.21212121212122	0.48484848484848486	0.0
AG-Zf-T-ChIC-K27me3-i3_TCAGATAC	708	75.0	0.0	0.0	0.0	0.0	0.0	0.0	0.0	0.0	75.0	0.423728813559322	0.0
AG-Zf-T-ChIC-K27me3-i3_TCATACAG	481	67.98336798336798	0.0	0.0	0.0	0.0	0.0	0.0	0.0	0.0	67.98336798336798	0.2079002079002079	0.0
AG-Zf-T-ChIC-K27me3-i3_TCATATCA	896	71.42857142857143	0.0	0.0	0.0	0.0	0.0	0.0	0.0	0.0	71.42857142857143	0.33482142857142855	0.0
AG-Zf-T-ChIC-K27me3-i3_TCGATGTG	484	71.69421487603306	0.0	0.0	0.0	0.0	0.0	0.0	0.0	0.0	71.69421487603306	0.4132231404958678	0.0
AG-Zf-T-ChIC-K27me3-i3_TCGCAGAG	315	72.06349206349206	0.0	0.0	0.0	0.0	0.0	0.0	0.0	0.0	72.06349206349206	0.0	0.0
AG-Zf-T-ChIC-K27me3-i3_TCGTGTAT	1272	73.74213836477988	0.0	0.0	0.0	0.0	0.0	0.0	0.0	0.0	73.74213836477988	0.3144654088050315	0.0
AG-Zf-T-ChIC-K27me3-i3_TCTATCTC	1557	70.00642260757868	0.0	0.0	0.0	0.0	0.0	0.0	0.0	0.0	70.00642260757868	0.06422607578676942	0.0
AG-Zf-T-ChIC-K27me3-i3_TGAGTCTG	2346	78.17561807331627	0.0	0.0	0.0	0.0	0.0	0.0	0.0	0.0	78.13299232736573	0.08525149190110827	0.0
AG-Zf-T-ChIC-K27me3-i3_TGCACAGC	622	66.39871382636656	0.0	0.0	0.0	0.0	0.0	0.0	0.0	0.0	66.2379421221865	0.482315112540193	0.0
AG-Zf-T-ChIC-K27me3-i3_TGCGACAC	738	77.50677506775068	0.0	0.0	0.0	0.0	0.0	0.0	0.0	0.0	77.50677506775068	0.0	0.0
AG-Zf-T-ChIC-K27me3-i3_TGCGCTCG	812	68.7192118226601	0.0	0.0	0.0	0.0	0.0	0.0	0.0	0.0	68.59605911330048	0.24630541871921183	0.0
AG-Zf-T-ChIC-K27me3-i3_TGCTATGA	1268	76.57728706624606	0.0	0.0	0.0	0.0	0.0	0.0	0.0	0.0	76.57728706624606	0.0	0.0
AG-Zf-T-ChIC-K27me3-i3_TGCTCGAG	570	70.52631578947368	0.0	0.0	0.0	0.0	0.0	0.0	0.0	0.0	70.52631578947368	0.17543859649122806	0.0
AG-Zf-T-ChIC-K27me3-i3_TGTACACT	1601	71.14303560274828	0.0	0.0	0.0	0.0	0.0	0.0	0.0	0.0	71.14303560274828	0.18738288569643974	0.0
AG-Zf-T-ChIC-K27me3-i3_TGTAGATA	182	91.20879120879121	0.0	0.0	0.0	0.0	0.0	0.0	0.0	0.0	90.65934065934066	2.7472527472527473	0.0
AG-Zf-T-ChIC-K27me3-i3_TGTATGAC	141	73.04964539007092	0.0	0.0	0.0	0.0	0.0	0.0	0.0	0.0	73.04964539007092	3.546099290780142	0.0
AG-Zf-T-ChIC-K27me3-i3_TGTCACGT	26	65.38461538461539	0.0	0.0	0.0	0.0	0.0	0.0	0.0	0.0	65.38461538461539	0.0	0.0
AG-Zf-T-ChIC-K27me3-i3_TGTCTGTG	176	78.4090909090909	0.0	0.0	0.0	0.0	0.0	0.0	0.0	0.0	78.4090909090909	1.1363636363636365	0.0
AG-Zf-T-ChIC-K27me3-i3_TGTGATCT	366	67.4863387978142	0.0	0.0	0.0	0.0	0.0	0.0	0.0	0.0	67.4863387978142	0.546448087431694	0.0
AG-Zf-T-ChIC-K27me3-i3_ATAAGCTC	6604	95.21502119927317	0.0	0.0	0.0	0.0	0.0	0.0	0.0	0.0	95.19987886129618	0.15142337976983647	0.0
AG-Zf-T-ChIC-K27me3-i3_ATTCTCGA	335	91.94029850746269	0.0	0.0	0.0	0.0	0.0	0.0	0.0	0.0	91.94029850746269	0.0	0.0
AG-Zf-T-ChIC-K27me3-i3_TGCTAATG	396	65.65656565656566	0.0	0.0	0.0	0.0	0.0	0.0	0.0	0.0	65.40404040404042	1.0101010101010102	0.0
AG-Zf-T-ChIC-K27me3-i3_ATGTTAGC	470	77.23404255319149	0.0	0.0	0.0	0.0	0.0	0.0	0.0	0.0	77.23404255319149	0.0	0.0
AG-Zf-T-ChIC-K27me3-i3_ACTCTCCG	1080	70.18518518518519	0.0	0.0	0.0	0.0	0.0	0.0	0.0	0.0	70.0925925925926	0.1851851851851852	0.0
AG-Zf-T-ChIC-K27me3-i3_ATCTCTTA	997	71.81544633901706	0.0	0.0	0.0	0.0	0.0	0.0	0.0	0.0	71.81544633901706	0.4012036108324975	0.0
AG-Zf-T-ChIC-K27me3-i3_GCCTAGAC	716	70.25139664804469	0.0	0.0	0.0	0.0	0.0	0.0	0.0	0.0	70.25139664804469	0.41899441340782123	0.0
AG-Zf-T-ChIC-K27me3-i3_CGGTGCAC	295	66.77966101694915	0.0	0.0	0.0	0.0	0.0	0.0	0.0	0.0	66.44067796610169	0.3389830508474576	0.0
AG-Zf-T-ChIC-K27me3-i3_GGAGTCAT	576	71.875	0.0	0.0	0.0	0.0	0.0	0.0	0.0	0.0	71.875	0.1736111111111111	0.0
AG-Zf-T-ChIC-K27me3-i3_TAACGACA	961	75.33818938605619	0.0	0.0	0.0	0.0	0.0	0.0	0.0	0.0	75.33818938605619	0.10405827263267431	0.0
AG-Zf-T-ChIC-K27me3-i3_GTAAGTGT	242	70.66115702479338	0.0	0.0	0.0	0.0	0.0	0.0	0.0	0.0	70.66115702479338	0.8264462809917356	0.0
AG-Zf-T-ChIC-K27me3-i3_CAGAATAT	5839	77.11936975509505	0.0	0.0	0.0	0.0	0.0	0.0	0.0	0.0	77.10224353485185	0.20551464291830793	0.0
AG-Zf-T-ChIC-K27me3-i3_GTCTGATT	624	74.83974358974359	0.0	0.0	0.0	0.0	0.0	0.0	0.0	0.0	74.83974358974359	1.6025641025641024	0.0
AG-Zf-T-ChIC-K27me3-i3_CGTGCCTG	461	70.49891540130152	0.0	0.0	0.0	0.0	0.0	0.0	0.0	0.0	70.28199566160521	0.43383947939262474	0.0
AG-Zf-T-ChIC-K27me3-i3_CATTATGA	2216	74.45848375451264	0.0	0.0	0.0	0.0	0.0	0.0	0.0	0.0	74.45848375451264	0.13537906137184114	0.0
AG-Zf-T-ChIC-K27me3-i3_GCAGCGCC	1543	69.08619572261827	0.0	0.0	0.0	0.0	0.0	0.0	0.0	0.0	69.08619572261827	0.12961762799740764	0.0
AG-Zf-T-ChIC-K27me3-i3_AGTGGCGC	303	80.85808580858085	0.0	0.0	0.0	0.0	0.0	0.0	0.0	0.0	80.52805280528052	0.33003300330033003	0.0
AG-Zf-T-ChIC-K27me3-i3_TTACTATG	1749	73.642081189251	0.0	0.0	0.0	0.0	0.0	0.0	0.0	0.0	73.642081189251	0.11435105774728416	0.0
AG-Zf-T-ChIC-K27me3-i3_TGCATCCT	2459	74.66449776331842	0.0	0.0	0.0	0.0	0.0	0.0	0.0	0.0	74.66449776331842	0.12200081333875558	0.0
AG-Zf-T-ChIC-K27me3-i3_TCGTTACA	193	76.68393782383419	0.0	0.0	0.0	0.0	0.0	0.0	0.0	0.0	76.68393782383419	3.1088082901554404	0.0
AG-Zf-T-ChIC-K27me3-i3_TCTTCTGT	272	77.94117647058823	0.0	0.0	0.0	0.0	0.0	0.0	0.0	0.0	77.57352941176471	1.8382352941176472	0.0
AG-Zf-T-ChIC-K27me3-i3_GACGCTTA	119	76.47058823529412	0.0	0.0	0.0	0.0	0.0	0.0	0.0	0.0	76.47058823529412	5.88235294117647	0.0
AG-Zf-T-ChIC-K27me3-i3_ATCCGCAC	142	72.53521126760563	0.0	0.0	0.0	0.0	0.0	0.0	0.0	0.0	72.53521126760563	2.8169014084507045	0.0
AG-Zf-T-ChIC-K27me3-i3_TGTGCGGC	178	66.29213483146067	0.0	0.0	0.0	0.0	0.0	0.0	0.0	0.0	66.29213483146067	1.6853932584269662	0.0
AG-Zf-T-ChIC-K27me3-i3_CTCGGCGC	89	68.53932584269663	0.0	0.0	0.0	0.0	0.0	0.0	0.0	0.0	68.53932584269663	2.247191011235955	0.0
AG-Zf-T-ChIC-K27me3-i3_AGTTACAT	424	66.50943396226415	0.0	0.0	0.0	0.0	0.0	0.0	0.0	0.0	66.50943396226415	0.2358490566037736	0.0
AG-Zf-T-ChIC-K27me3-i3_GGTCGCAC	229	72.0524017467249	0.0	0.0	0.0	0.0	0.0	0.0	0.0	0.0	72.0524017467249	0.0	0.0
AG-Zf-T-ChIC-K27me3-i3_TAGATAAT	1067	74.50796626054358	0.0	0.0	0.0	0.0	0.0	0.0	0.0	0.0	74.50796626054358	0.28116213683223995	0.0
AG-Zf-T-ChIC-K27me3-i3_GTAGTATT	1222	79.37806873977087	0.0	0.0	0.0	0.0	0.0	0.0	0.0	0.0	79.37806873977087	0.08183306055646482	0.0
AG-Zf-T-ChIC-K27me3-i3_GTCAAGCA	1228	79.15309446254072	0.0	0.0	0.0	0.0	0.0	0.0	0.0	0.0	79.15309446254072	0.24429967426710095	0.0
AG-Zf-T-ChIC-K27me3-i3_CAGGTGTC	880	72.72727272727273	0.0	0.0	0.0	0.0	0.0	0.0	0.0	0.0	72.72727272727273	0.22727272727272727	0.0
AG-Zf-T-ChIC-K27me3-i3_CTTGCTCG	1491	74.11133467471495	0.0	0.0	0.0	0.0	0.0	0.0	0.0	0.0	74.04426559356136	0.2682763246143528	0.0
AG-Zf-T-ChIC-K27me3-i3_CTCGAGTT	807	68.15365551425032	0.0	0.0	0.0	0.0	0.0	0.0	0.0	0.0	68.02973977695167	0.49566294919454773	0.0
AG-Zf-T-ChIC-K27me3-i3_GTAAGACA	631	74.64342313787638	0.0	0.0	0.0	0.0	0.0	0.0	0.0	0.0	74.64342313787638	3.011093502377179	0.0
AG-Zf-T-ChIC-K27me3-i3_CGATCAAT	424	75.47169811320755	0.0	0.0	0.0	0.0	0.0	0.0	0.0	0.0	75.47169811320755	0.0	0.0
AG-Zf-T-ChIC-K27me3-i3_GATTCGCA	4632	78.79965457685665	0.0	0.0	0.0	0.0	0.0	0.0	0.0	0.0	78.713298791019	0.2374784110535406	0.0
AG-Zf-T-ChIC-K27me3-i3_GCCTATGT	614	72.14983713355049	0.0	0.0	0.0	0.0	0.0	0.0	0.0	0.0	72.14983713355049	0.0	0.0
AG-Zf-T-ChIC-K27me3-i3_CAAGATCG	1574	73.76111817026684	0.0	0.0	0.0	0.0	0.0	0.0	0.0	0.0	73.76111817026684	0.12706480304955528	0.0
AG-Zf-T-ChIC-K27me3-i3_GAGCGGTA	1317	73.42444950645405	0.0	0.0	0.0	0.0	0.0	0.0	0.0	0.0	73.42444950645405	0.0	0.0
AG-Zf-T-ChIC-K27me3-i3_CATTCTAC	1630	74.84662576687117	0.0	0.0	0.0	0.0	0.0	0.0	0.0	0.0	74.78527607361963	0.36809815950920244	0.0
AG-Zf-T-ChIC-K27me3-i3_GACGTCCT	18122	78.23087959386382	0.0	0.0	0.0	0.0	0.0	0.0	0.0	0.0	78.20880697494758	0.11036309458117206	0.0
AG-Zf-T-ChIC-K27me3-i3_TCCGACTG	489	73.8241308793456	0.0	0.0	0.0	0.0	0.0	0.0	0.0	0.0	73.8241308793456	0.0	0.0
AG-Zf-T-ChIC-K27me3-i3_CTACATTC	1102	72.86751361161524	0.0	0.0	0.0	0.0	0.0	0.0	0.0	0.0	72.86751361161524	0.09074410163339383	0.0
AG-Zf-T-ChIC-K27me3-i3_ATCAGGCG	99	70.70707070707071	0.0	0.0	0.0	0.0	0.0	0.0	0.0	0.0	70.70707070707071	0.0	0.0
AG-Zf-T-ChIC-K27me3-i3_AATCGTAT	266	75.56390977443608	0.0	0.0	0.0	0.0	0.0	0.0	0.0	0.0	75.56390977443608	0.37593984962406013	0.0
AG-Zf-T-ChIC-K27me3-i3_GTCGCCTG	84	80.95238095238095	0.0	0.0	0.0	0.0	0.0	0.0	0.0	0.0	80.95238095238095	1.1904761904761905	0.0
AG-Zf-T-ChIC-K27me3-i3_CGCGCCGT	47	70.2127659574468	0.0	0.0	0.0	0.0	0.0	0.0	0.0	0.0	70.2127659574468	4.25531914893617	0.0
AG-Zf-T-ChIC-K27me3-i3_CTCTGAAG	344	68.02325581395348	0.0	0.0	0.0	0.0	0.0	0.0	0.0	0.0	67.73255813953489	1.4534883720930232	0.0
AG-Zf-T-ChIC-K27me3-i3_TATGCATT	503	68.98608349900597	0.0	0.0	0.0	0.0	0.0	0.0	0.0	0.0	68.98608349900597	0.0	0.0
AG-Zf-T-ChIC-K27me3-i3_TCGTAGGA	806	71.46401985111662	0.0	0.0	0.0	0.0	0.0	0.0	0.0	0.0	71.46401985111662	0.12406947890818859	0.0
AG-Zf-T-ChIC-K27me3-i3_GCTCAACA	660	77.12121212121212	0.0	0.0	0.0	0.0	0.0	0.0	0.0	0.0	77.12121212121212	0.9090909090909091	0.0
AG-Zf-T-ChIC-K27me3-i3_TAAGTGCT	3069	76.01824698598892	0.0	0.0	0.0	0.0	0.0	0.0	0.0	0.0	76.01824698598892	0.19550342130987292	0.0
AG-Zf-T-ChIC-K27me3-i3_ATCATATT	1748	77.97482837528604	0.0	0.0	0.0	0.0	0.0	0.0	0.0	0.0	77.97482837528604	0.057208237986270026	0.0
AG-Zf-T-ChIC-K27me3-i3_TAGACTTG	1174	74.27597955706985	0.0	0.0	0.0	0.0	0.0	0.0	0.0	0.0	74.27597955706985	0.0	0.0
AG-Zf-T-ChIC-K27me3-i3_ATATAACT	649	72.11093990755008	0.0	0.0	0.0	0.0	0.0	0.0	0.0	0.0	72.11093990755008	0.46224961479198773	0.0
AG-Zf-T-ChIC-K27me3-i3_CGTACGGA	747	72.95850066934403	0.0	0.0	0.0	0.0	0.0	0.0	0.0	0.0	72.95850066934403	0.13386880856760375	0.0
AG-Zf-T-ChIC-K27me3-i3_TTAGAGCA	2271	79.96477322765301	0.0	0.0	0.0	0.0	0.0	0.0	0.0	0.0	79.96477322765301	0.044033465433729636	0.0
AG-Zf-T-ChIC-K27me3-i3_GCTAGTAA	238	68.90756302521008	0.0	0.0	0.0	0.0	0.0	0.0	0.0	0.0	68.90756302521008	0.42016806722689076	0.0
AG-Zf-T-ChIC-K27me3-i3_CTATTGTG	1186	74.62057335581788	0.0	0.0	0.0	0.0	0.0	0.0	0.0	0.0	74.53625632377741	0.25295109612141653	0.0
AG-Zf-T-ChIC-K27me3-i3_AGATATTG	1708	73.94613583138174	0.0	0.0	0.0	0.0	0.0	0.0	0.0	0.0	73.88758782201405	0.117096018735363	0.0
AG-Zf-T-ChIC-K27me3-i3_AATGTGTA	2679	86.97275102650242	0.0	0.0	0.0	0.0	0.0	0.0	0.0	0.0	86.97275102650242	0.11198208286674133	0.0
AG-Zf-T-ChIC-K27me3-i3_CGGCGTAG	1052	69.20152091254754	0.0	0.0	0.0	0.0	0.0	0.0	0.0	0.0	69.20152091254754	0.09505703422053231	0.0
AG-Zf-T-ChIC-K27me3-i3_GTCAATGC	2606	76.36224098234842	0.0	0.0	0.0	0.0	0.0	0.0	0.0	0.0	76.32386799693016	0.19186492709132769	0.0
AG-Zf-T-ChIC-K27me3-i3_GTGGAGAC	1421	73.46938775510205	0.0	0.0	0.0	0.0	0.0	0.0	0.0	0.0	73.46938775510205	0.211118930330753	0.0
AG-Zf-T-ChIC-K27me3-i3_TAGCTTGT	4251	77.9581274994119	0.0	0.0	0.0	0.0	0.0	0.0	0.0	0.0	77.86403199247236	0.39990590449306046	0.0
AG-Zf-T-ChIC-K27me3-i3_GACTCGTT	3681	74.02879652268405	0.0	0.0	0.0	0.0	0.0	0.0	0.0	0.0	74.02879652268405	0.10866612333604998	0.0
AG-Zf-T-ChIC-K27me3-i3_GAGACTAA	2458	76.44426362896664	0.0	0.0	0.0	0.0	0.0	0.0	0.0	0.0	76.44426362896664	0.08136696501220504	0.0
AG-Zf-T-ChIC-K27me3-i3_CGCTCTTC	89	70.78651685393258	0.0	0.0	0.0	0.0	0.0	0.0	0.0	0.0	70.78651685393258	1.1235955056179776	0.0
AG-Zf-T-ChIC-K27me3-i3_AGCCAGAT	244	70.08196721311475	0.0	0.0	0.0	0.0	0.0	0.0	0.0	0.0	70.08196721311475	0.819672131147541	0.0
AG-Zf-T-ChIC-K27me3-i3_TGCAAGTA	65	90.76923076923077	0.0	0.0	0.0	0.0	0.0	0.0	0.0	0.0	90.76923076923077	0.0	0.0
AG-Zf-T-ChIC-K27me3-i3_AACTAGTG	558	90.68100358422939	0.0	0.0	0.0	0.0	0.0	0.0	0.0	0.0	90.68100358422939	0.0	0.0
AG-Zf-T-ChIC-K27me3-i3_TCCTCACG	486	66.46090534979425	0.0	0.0	0.0	0.0	0.0	0.0	0.0	0.0	66.46090534979425	0.0	0.0
AG-Zf-T-ChIC-K27me3-i3_CGCAACTC	78	66.66666666666666	0.0	0.0	0.0	0.0	0.0	0.0	0.0	0.0	66.66666666666666	2.564102564102564	0.0
AG-Zf-T-ChIC-K27me3-i3_AGCGCCAG	293	68.94197952218431	0.0	0.0	0.0	0.0	0.0	0.0	0.0	0.0	68.94197952218431	0.3412969283276451	0.0
AG-Zf-T-ChIC-K27me3-i3_CGAAGATC	916	77.62008733624454	0.0	0.0	0.0	0.0	0.0	0.0	0.0	0.0	77.62008733624454	0.0	0.0
AG-Zf-T-ChIC-K27me3-i3_GGATATCT	2013	77.24788872329856	0.0	0.0	0.0	0.0	0.0	0.0	0.0	0.0	77.24788872329856	0.24838549428713363	0.0
AG-Zf-T-ChIC-K27me3-i3_AGTCGCCT	1248	80.44871794871796	0.0	0.0	0.0	0.0	0.0	0.0	0.0	0.0	80.44871794871796	0.08012820512820512	0.0
AG-Zf-T-ChIC-K27me3-i3_TGTACTGG	420	70.47619047619048	0.0	0.0	0.0	0.0	0.0	0.0	0.0	0.0	70.47619047619048	0.0	0.0
AG-Zf-T-ChIC-K27me3-i3_TGTGTCCA	588	75.0	0.0	0.0	0.0	0.0	0.0	0.0	0.0	0.0	75.0	0.17006802721088435	0.0
AG-Zf-T-ChIC-K27me3-i3_GGCTACGC	48	70.83333333333334	0.0	0.0	0.0	0.0	0.0	0.0	0.0	0.0	70.83333333333334	0.0	0.0
AG-Zf-T-ChIC-K27me3-i3_CGGATATA	434	72.11981566820278	0.0	0.0	0.0	0.0	0.0	0.0	0.0	0.0	71.88940092165899	0.6912442396313364	0.0
AG-Zf-T-ChIC-K27me3-i3_GCAGTTCT	1430	71.18881118881119	0.0	0.0	0.0	0.0	0.0	0.0	0.0	0.0	71.18881118881119	0.13986013986013987	0.0
AG-Zf-T-ChIC-K27me3-i3_GTGTAGTT	1841	73.76425855513308	0.0	0.0	0.0	0.0	0.0	0.0	0.0	0.0	73.7099402498642	0.27159152634437805	0.0
AG-Zf-T-ChIC-K27me3-i3_GTCTTCGA	720	70.69444444444444	0.0	0.0	0.0	0.0	0.0	0.0	0.0	0.0	70.69444444444444	0.1388888888888889	0.0
AG-Zf-T-ChIC-K27me3-i3_GTGCCGCG	789	75.79214195183776	0.0	0.0	0.0	0.0	0.0	0.0	0.0	0.0	75.79214195183776	0.25348542458808615	0.0
AG-Zf-T-ChIC-K27me3-i3_TCTCATTG	2080	71.00961538461539	0.0	0.0	0.0	0.0	0.0	0.0	0.0	0.0	70.96153846153847	0.19230769230769232	0.0
AG-Zf-T-ChIC-K27me3-i3_CAATGCAG	852	71.12676056338029	0.0	0.0	0.0	0.0	0.0	0.0	0.0	0.0	71.12676056338029	0.0	0.0
AG-Zf-T-ChIC-K27me3-i3_CTCCTCAG	2283	76.74113009198423	0.0	0.0	0.0	0.0	0.0	0.0	0.0	0.0	76.74113009198423	0.0	0.0
AG-Zf-T-ChIC-K27me3-i3_GTACTGGA	4517	78.6362630064202	0.0	0.0	0.0	0.0	0.0	0.0	0.0	0.0	78.59198583130397	0.13283152534868276	0.0
AG-Zf-T-ChIC-K27me3-i3_AGGCGCTA	2049	75.25622254758419	0.0	0.0	0.0	0.0	0.0	0.0	0.0	0.0	75.25622254758419	0.14641288433382138	0.0
AG-Zf-T-ChIC-K27me3-i3_AACGTGAC	1076	73.60594795539033	0.0	0.0	0.0	0.0	0.0	0.0	0.0	0.0	73.60594795539033	0.0	0.0
AG-Zf-T-ChIC-K27me3-i3_ATCCAGTA	16390	76.77242220866381	0.0	0.0	0.0	0.0	0.0	0.0	0.0	0.0	76.76021964612568	0.20134228187919465	0.0
AG-Zf-T-ChIC-K27me3-i3_GCCGACAT	17281	79.49771425264741	0.0	0.0	0.0	0.0	0.0	0.0	0.0	0.0	79.4514206353799	0.23146808633759622	0.0
AG-Zf-T-ChIC-K27me3-i3_CACGTGGA	16789	83.06629340639704	0.0	0.0	0.0	0.0	0.0	0.0	0.0	0.0	83.04842456370243	0.11912561796414319	0.0
AG-Zf-T-ChIC-K27me3-i3_AGATTAGA	6067	79.5450799406626	0.0	0.0	0.0	0.0	0.0	0.0	0.0	0.0	79.52859732981705	0.21427394099225316	0.0
AG-Zf-T-ChIC-K27me3-i3_GATCTGAA	2698	81.91252779836915	0.0	0.0	0.0	0.0	0.0	0.0	0.0	0.0	81.87546330615271	0.2965159377316531	0.0
AG-Zf-T-ChIC-K27me3-i3_ACAACTGA	288	64.58333333333334	0.0	0.0	0.0	0.0	0.0	0.0	0.0	0.0	64.58333333333334	0.0	0.0
AG-Zf-T-ChIC-K27me3-i3_TTGTATTA	691	73.80607814761215	0.0	0.0	0.0	0.0	0.0	0.0	0.0	0.0	73.80607814761215	0.0	0.0
AG-Zf-T-ChIC-K27me3-i3_ACATTCAA	320	77.8125	0.0	0.0	0.0	0.0	0.0	0.0	0.0	0.0	77.8125	0.3125	0.0
AG-Zf-T-ChIC-K27me3-i3_ATATTGGT	178	89.32584269662921	0.0	0.0	0.0	0.0	0.0	0.0	0.0	0.0	88.76404494382022	3.3707865168539324	0.0
AG-Zf-T-ChIC-K27me3-i3_CCGTCGGC	275	76.36363636363637	0.0	0.0	0.0	0.0	0.0	0.0	0.0	0.0	76.36363636363637	0.36363636363636365	0.0
AG-Zf-T-ChIC-K27me3-i3_CAATAATA	8300	81.21686746987952	0.0	0.0	0.0	0.0	0.0	0.0	0.0	0.0	81.21686746987952	0.18072289156626506	0.0
AG-Zf-T-ChIC-K27me3-i3_CGCCACGG	203	79.80295566502463	0.0	0.0	0.0	0.0	0.0	0.0	0.0	0.0	79.80295566502463	0.0	0.0
AG-Zf-T-ChIC-K27me3-i3_CCTCTTGT	589	72.15619694397284	0.0	0.0	0.0	0.0	0.0	0.0	0.0	0.0	71.98641765704585	0.1697792869269949	0.0
AG-Zf-T-ChIC-K27me3-i3_TTGGACAT	213	68.54460093896714	0.0	0.0	0.0	0.0	0.0	0.0	0.0	0.0	68.54460093896714	0.4694835680751174	0.0
AG-Zf-T-ChIC-K27me3-i3_GGTATATT	538	71.18959107806691	0.0	0.0	0.0	0.0	0.0	0.0	0.0	0.0	71.18959107806691	0.5576208178438662	0.0
AG-Zf-T-ChIC-K27me3-i3_TGAATTGA	1170	74.35897435897436	0.0	0.0	0.0	0.0	0.0	0.0	0.0	0.0	74.35897435897436	0.17094017094017094	0.0
AG-Zf-T-ChIC-K27me3-i3_TCTTGACC	10801	78.2797889084344	0.0	0.0	0.0	0.0	0.0	0.0	0.0	0.0	78.2797889084344	0.09258401999814832	0.0
AG-Zf-T-ChIC-K27me3-i3_ACCTGCCT	3695	76.80649526387009	0.0	0.0	0.0	0.0	0.0	0.0	0.0	0.0	76.80649526387009	0.08119079837618402	0.0
AG-Zf-T-ChIC-K27me3-i3_TGAAGCGG	596	73.65771812080537	0.0	0.0	0.0	0.0	0.0	0.0	0.0	0.0	73.65771812080537	0.0	0.0
AG-Zf-T-ChIC-K27me3-i3_CGGCTAGG	592	71.95945945945947	0.0	0.0	0.0	0.0	0.0	0.0	0.0	0.0	71.95945945945947	0.33783783783783783	0.0
AG-Zf-T-ChIC-K27me3-i3_AAGCGTCC	3456	76.12847222222221	0.0	0.0	0.0	0.0	0.0	0.0	0.0	0.0	76.07060185185185	0.3472222222222222	0.0
AG-Zf-T-ChIC-K27me3-i3_TAATATGG	968	72.8305785123967	0.0	0.0	0.0	0.0	0.0	0.0	0.0	0.0	72.8305785123967	0.2066115702479339	0.0
AG-Zf-T-ChIC-K27me3-i3_CCTAACGC	492	73.3739837398374	0.0	0.0	0.0	0.0	0.0	0.0	0.0	0.0	73.3739837398374	0.0	0.0
AG-Zf-T-ChIC-K27me3-i3_TTGAATCT	2018	74.2814667988107	0.0	0.0	0.0	0.0	0.0	0.0	0.0	0.0	74.2814667988107	0.19821605550049554	0.0
AG-Zf-T-ChIC-K27me3-i3_GAACTGTT	327	76.14678899082568	0.0	0.0	0.0	0.0	0.0	0.0	0.0	0.0	76.14678899082568	0.9174311926605505	0.0
AG-Zf-T-ChIC-K27me3-i3_ATTCCATC	185	70.8108108108108	0.0	0.0	0.0	0.0	0.0	0.0	0.0	0.0	70.8108108108108	0.5405405405405406	0.0
AG-Zf-T-ChIC-K27me3-i3_GATAATTC	447	72.25950782997764	0.0	0.0	0.0	0.0	0.0	0.0	0.0	0.0	72.25950782997764	0.8948545861297539	0.0
AG-Zf-T-ChIC-K27me3-i3_AATGCGCC	69	82.6086956521739	0.0	0.0	0.0	0.0	0.0	0.0	0.0	0.0	82.6086956521739	5.797101449275362	0.0
AG-Zf-T-ChIC-K27me3-i3_GATTAGGC	265	67.54716981132076	0.0	0.0	0.0	0.0	0.0	0.0	0.0	0.0	67.54716981132076	0.0	0.0
AG-Zf-T-ChIC-K27me3-i3_GTTAGAAC	20028	96.58478130617137	0.0	0.0	0.0	0.0	0.0	0.0	0.0	0.0	96.58478130617137	0.08488116636708608	0.0
AG-Zf-T-ChIC-K27me3-i3_AGGTAGGC	447	72.03579418344519	0.0	0.0	0.0	0.0	0.0	0.0	0.0	0.0	72.03579418344519	0.0	0.0
AG-Zf-T-ChIC-K27me3-i3_ACTCCTTA	490	73.46938775510205	0.0	0.0	0.0	0.0	0.0	0.0	0.0	0.0	73.46938775510205	0.0	0.0
AG-Zf-T-ChIC-K27me3-i3_GGCTGTTA	1068	75.0	0.0	0.0	0.0	0.0	0.0	0.0	0.0	0.0	75.0	0.0	0.0
AG-Zf-T-ChIC-K27me3-i3_CTTCACCA	1531	84.06270411495754	0.0	0.0	0.0	0.0	0.0	0.0	0.0	0.0	84.06270411495754	0.06531678641410843	0.0
AG-Zf-T-ChIC-K27me3-i3_GCAATTAC	2564	77.37909516380655	0.0	0.0	0.0	0.0	0.0	0.0	0.0	0.0	77.37909516380655	0.0390015600624025	0.0
AG-Zf-T-ChIC-K27me3-i3_TTACACCT	1152	75.08680555555556	0.0	0.0	0.0	0.0	0.0	0.0	0.0	0.0	75.08680555555556	0.08680555555555555	0.0
AG-Zf-T-ChIC-K27me3-i3_CGCCTGGC	610	70.81967213114754	0.0	0.0	0.0	0.0	0.0	0.0	0.0	0.0	70.81967213114754	0.16393442622950818	0.0
AG-Zf-T-ChIC-K27me3-i3_TCGAACGG	138	71.01449275362319	0.0	0.0	0.0	0.0	0.0	0.0	0.0	0.0	71.01449275362319	0.7246376811594203	0.0
AG-Zf-T-ChIC-K27me3-i3_CTTCCACT	1997	76.51477215823735	0.0	0.0	0.0	0.0	0.0	0.0	0.0	0.0	76.46469704556836	0.25037556334501754	0.0
AG-Zf-T-ChIC-K27me3-i3_ATTGTTAC	1141	73.61963190184049	0.0	0.0	0.0	0.0	0.0	0.0	0.0	0.0	73.53198948290974	0.35056967572305	0.0
AG-Zf-T-ChIC-K27me3-i3_ATTAACTA	2159	73.32098193608152	0.0	0.0	0.0	0.0	0.0	0.0	0.0	0.0	73.32098193608152	0.09263547938860583	0.0
AG-Zf-T-ChIC-K27me3-i3_GTGGCCGT	2787	77.71797631862218	0.0	0.0	0.0	0.0	0.0	0.0	0.0	0.0	77.6820954431288	0.1794043774668102	0.0
AG-Zf-T-ChIC-K27me3-i3_CGTTAGGT	6190	79.03069466882067	0.0	0.0	0.0	0.0	0.0	0.0	0.0	0.0	78.98222940226172	0.1938610662358643	0.0
AG-Zf-T-ChIC-K27me3-i3_AGGCCTGC	304	78.94736842105263	0.0	0.0	0.0	0.0	0.0	0.0	0.0	0.0	78.94736842105263	0.0	0.0
AG-Zf-T-ChIC-K27me3-i3_AGCCGAGG	952	75.10504201680672	0.0	0.0	0.0	0.0	0.0	0.0	0.0	0.0	75.0	0.31512605042016806	0.0
AG-Zf-T-ChIC-K27me3-i3_CACAATTG	2347	78.95185342991053	0.0	0.0	0.0	0.0	0.0	0.0	0.0	0.0	78.95185342991053	0.1278227524499361	0.0
AG-Zf-T-ChIC-K27me3-i3_TCCGCAAC	768	81.11979166666666	0.0	0.0	0.0	0.0	0.0	0.0	0.0	0.0	81.11979166666666	0.13020833333333331	0.0
AG-Zf-T-ChIC-K27me3-i3_CGCCTTCG	1446	74.7579529737206	0.0	0.0	0.0	0.0	0.0	0.0	0.0	0.0	74.68879668049793	0.2766251728907331	0.0
AG-Zf-T-ChIC-K27me3-i3_GGTAGGTC	3131	79.65506228042159	0.0	0.0	0.0	0.0	0.0	0.0	0.0	0.0	79.65506228042159	0.12775471095496646	0.0
AG-Zf-T-ChIC-K27me3-i3_GCGAATTA	13370	81.36125654450261	0.0	0.0	0.0	0.0	0.0	0.0	0.0	0.0	81.35377711293941	0.13462976813762154	0.0
AG-Zf-T-ChIC-K27me3-i3_GTGTGGAA	20275	81.78545006165227	0.0	0.0	0.0	0.0	0.0	0.0	0.0	0.0	81.78051787916154	0.06905055487053022	0.0
AG-Zf-T-ChIC-K27me3-i3_TTACATAA	15955	82.23127546223753	0.0	0.0	0.0	0.0	0.0	0.0	0.0	0.0	82.22500783453462	0.10654967094954561	0.0
AG-Zf-T-ChIC-K27me3-i3_TATTGCCT	607	74.62932454695222	0.0	0.0	0.0	0.0	0.0	0.0	0.0	0.0	74.62932454695222	0.16474464579901155	0.0
AG-Zf-T-ChIC-K27me3-i3_AGGCCATG	540	70.74074074074073	0.0	0.0	0.0	0.0	0.0	0.0	0.0	0.0	70.74074074074073	0.1851851851851852	0.0
AG-Zf-T-ChIC-K27me3-i3_ACTTGAAT	407	74.69287469287468	0.0	0.0	0.0	0.0	0.0	0.0	0.0	0.0	74.69287469287468	1.4742014742014742	0.0
AG-Zf-T-ChIC-K27me3-i3_GAATCCGA	175	73.14285714285714	0.0	0.0	0.0	0.0	0.0	0.0	0.0	0.0	73.14285714285714	0.5714285714285714	0.0
AG-Zf-T-ChIC-K27me3-i3_GGCCGCGA	705	83.97163120567376	0.0	0.0	0.0	0.0	0.0	0.0	0.0	0.0	83.97163120567376	0.14184397163120568	0.0
AG-Zf-T-ChIC-K27me3-i3_TCAATATT	1313	84.15841584158416	0.0	0.0	0.0	0.0	0.0	0.0	0.0	0.0	84.15841584158416	0.2284843869002285	0.0
AG-Zf-T-ChIC-K27me3-i3_GCCGGTCG	436	75.91743119266054	0.0	0.0	0.0	0.0	0.0	0.0	0.0	0.0	75.91743119266054	0.22935779816513763	0.0
AG-Zf-T-ChIC-K27me3-i3_GGCTCGCC	806	74.68982630272953	0.0	0.0	0.0	0.0	0.0	0.0	0.0	0.0	74.56575682382135	0.24813895781637718	0.0
AG-Zf-T-ChIC-K27me3-i3_CCGCAAGA	1708	78.92271662763466	0.0	0.0	0.0	0.0	0.0	0.0	0.0	0.0	78.92271662763466	0.1756440281030445	0.0
AG-Zf-T-ChIC-K27me3-i3_ATATTAAG	2114	75.44938505203406	0.0	0.0	0.0	0.0	0.0	0.0	0.0	0.0	75.35477767265847	0.4257332071901609	0.0
AG-Zf-T-ChIC-K27me3-i3_AGGAACGT	301	76.41196013289037	0.0	0.0	0.0	0.0	0.0	0.0	0.0	0.0	76.41196013289037	0.0	0.0
AG-Zf-T-ChIC-K27me3-i3_GCGAAGGC	2965	75.7841483979764	0.0	0.0	0.0	0.0	0.0	0.0	0.0	0.0	75.7841483979764	0.16863406408094433	0.0
AG-Zf-T-ChIC-K27me3-i3_GCCGCGGA	898	76.83741648106904	0.0	0.0	0.0	0.0	0.0	0.0	0.0	0.0	76.7260579064588	0.22271714922048996	0.0
AG-Zf-T-ChIC-K27me3-i3_ACGGTAAT	4431	76.7321146468066	0.0	0.0	0.0	0.0	0.0	0.0	0.0	0.0	76.7321146468066	0.045136538027533285	0.0
AG-Zf-T-ChIC-K27me3-i3_TCCTATTC	1730	72.25433526011561	0.0	0.0	0.0	0.0	0.0	0.0	0.0	0.0	72.19653179190752	0.17341040462427745	0.0
AG-Zf-T-ChIC-K27me3-i3_CCAAGCGT	769	73.86215864759428	0.0	0.0	0.0	0.0	0.0	0.0	0.0	0.0	73.73211963589077	0.26007802340702213	0.0
AG-Zf-T-ChIC-K27me3-i3_CAAGCTTC	2676	71.93572496263079	0.0	0.0	0.0	0.0	0.0	0.0	0.0	0.0	71.93572496263079	0.14947683109118087	0.0
AG-Zf-T-ChIC-K27me3-i3_GAGTTCCA	3312	75.42270531400966	0.0	0.0	0.0	0.0	0.0	0.0	0.0	0.0	75.39251207729468	0.15096618357487923	0.0
AG-Zf-T-ChIC-K27me3-i3_TTCTCAAT	1453	75.15485203028217	0.0	0.0	0.0	0.0	0.0	0.0	0.0	0.0	75.15485203028217	0.13764624913971094	0.0
AG-Zf-T-ChIC-K27me3-i3_CCGGTCGC	492	74.59349593495935	0.0	0.0	0.0	0.0	0.0	0.0	0.0	0.0	74.59349593495935	0.0	0.0
AG-Zf-T-ChIC-K27me3-i3_GTTGAAGC	142	80.98591549295774	0.0	0.0	0.0	0.0	0.0	0.0	0.0	0.0	80.98591549295774	2.112676056338028	0.0
AG-Zf-T-ChIC-K27me3-i3_GGACCAGC	34	76.47058823529412	0.0	0.0	0.0	0.0	0.0	0.0	0.0	0.0	76.47058823529412	0.0	0.0
AG-Zf-T-ChIC-K27me3-i3_TCATTAAC	187	73.2620320855615	0.0	0.0	0.0	0.0	0.0	0.0	0.0	0.0	73.2620320855615	1.6042780748663104	0.0
AG-Zf-T-ChIC-K27me3-i3_ACCTTATG	221	70.58823529411765	0.0	0.0	0.0	0.0	0.0	0.0	0.0	0.0	70.58823529411765	0.4524886877828055	0.0
AG-Zf-T-ChIC-K27me3-i3_TCATTCCT	317	70.34700315457413	0.0	0.0	0.0	0.0	0.0	0.0	0.0	0.0	70.34700315457413	0.9463722397476341	0.0
AG-Zf-T-ChIC-K27me3-i3_AATCTAGG	2591	89.65650328058665	0.0	0.0	0.0	0.0	0.0	0.0	0.0	0.0	89.65650328058665	0.0385951370127364	0.0
AG-Zf-T-ChIC-K27me3-i3_CCAACTCG	490	74.08163265306122	0.0	0.0	0.0	0.0	0.0	0.0	0.0	0.0	74.08163265306122	0.20408163265306123	0.0
AG-Zf-T-ChIC-K27me3-i3_GGTCAATC	176	69.88636363636364	0.0	0.0	0.0	0.0	0.0	0.0	0.0	0.0	69.88636363636364	0.5681818181818182	0.0
AG-Zf-T-ChIC-K27me3-i3_GTGGCAAG	527	73.62428842504744	0.0	0.0	0.0	0.0	0.0	0.0	0.0	0.0	73.62428842504744	0.0	0.0
AG-Zf-T-ChIC-K27me3-i3_TTGCCAGA	153	79.08496732026144	0.0	0.0	0.0	0.0	0.0	0.0	0.0	0.0	79.08496732026144	0.0	0.0
AG-Zf-T-ChIC-K27me3-i3_TAATAGCC	1263	78.38479809976246	0.0	0.0	0.0	0.0	0.0	0.0	0.0	0.0	78.38479809976246	0.1583531274742676	0.0
AG-Zf-T-ChIC-K27me3-i3_CGTGGTAA	528	68.75	0.0	0.0	0.0	0.0	0.0	0.0	0.0	0.0	68.75	0.5681818181818182	0.0
AG-Zf-T-ChIC-K27me3-i3_CATATTAA	274	75.18248175182481	0.0	0.0	0.0	0.0	0.0	0.0	0.0	0.0	75.18248175182481	0.0	0.0
AG-Zf-T-ChIC-K27me3-i3_CACCGGTG	1238	80.61389337641357	0.0	0.0	0.0	0.0	0.0	0.0	0.0	0.0	80.61389337641357	0.0	0.0
AG-Zf-T-ChIC-K27me3-i3_CCACGGAG	672	73.95833333333334	0.0	0.0	0.0	0.0	0.0	0.0	0.0	0.0	73.95833333333334	0.2976190476190476	0.0
AG-Zf-T-ChIC-K27me3-i3_CCGTGCGG	204	72.05882352941177	0.0	0.0	0.0	0.0	0.0	0.0	0.0	0.0	72.05882352941177	0.0	0.0
AG-Zf-T-ChIC-K27me3-i3_GGACACCG	932	72.21030042918454	0.0	0.0	0.0	0.0	0.0	0.0	0.0	0.0	72.21030042918454	0.0	0.0
AG-Zf-T-ChIC-K27me3-i3_TAATGATT	2320	77.32758620689654	0.0	0.0	0.0	0.0	0.0	0.0	0.0	0.0	77.32758620689654	0.08620689655172414	0.0
AG-Zf-T-ChIC-K27me3-i3_AAGCCGAG	2014	74.7269116186693	0.0	0.0	0.0	0.0	0.0	0.0	0.0	0.0	74.57795431976166	0.29791459781529295	0.0
AG-Zf-T-ChIC-K27me3-i3_ACTAAGCC	6372	79.97489014438167	0.0	0.0	0.0	0.0	0.0	0.0	0.0	0.0	79.95919648462021	0.12554927809165098	0.0
AG-Zf-T-ChIC-K27me3-i3_CTCCAGCC	3	100.0	0.0	0.0	0.0	0.0	0.0	0.0	0.0	0.0	100.0	0.0	0.0
AG-Zf-T-ChIC-K27me3-i3_GAATGGAT	13	92.3076923076923	0.0	0.0	0.0	0.0	0.0	0.0	0.0	0.0	92.3076923076923	0.0	0.0
AG-Zf-T-ChIC-K27me3-i3_CGCCAATA	3	100.0	0.0	0.0	0.0	0.0	0.0	0.0	0.0	0.0	100.0	0.0	0.0
AG-Zf-T-ChIC-K27me3-i3_CCGCGGCA	5	100.0	0.0	0.0	0.0	0.0	0.0	0.0	0.0	0.0	100.0	0.0	0.0
AG-Zf-T-ChIC-K27me3-i3_CTAATAGG	325	75.6923076923077	0.0	0.0	0.0	0.0	0.0	0.0	0.0	0.0	75.6923076923077	0.6153846153846154	0.0
AG-Zf-T-ChIC-K27me3-i3_AAGCATTA	218	95.87155963302753	0.0	0.0	0.0	0.0	0.0	0.0	0.0	0.0	95.87155963302753	0.9174311926605505	0.0
AG-Zf-T-ChIC-K27me3-i3_GGCCTCTC	74	64.86486486486487	0.0	0.0	0.0	0.0	0.0	0.0	0.0	0.0	64.86486486486487	2.7027027027027026	0.0
AG-Zf-T-ChIC-K27me3-i3_TTGCGCCA	300	81.66666666666667	0.0	0.0	0.0	0.0	0.0	0.0	0.0	0.0	81.66666666666667	0.0	0.0
AG-Zf-T-ChIC-K27me3-i3_GGCCATAC	2196	90.52823315118397	0.0	0.0	0.0	0.0	0.0	0.0	0.0	0.0	90.52823315118397	0.22768670309653918	0.0
AG-Zf-T-ChIC-K27me3-i3_AAGGCTAC	466	71.88841201716738	0.0	0.0	0.0	0.0	0.0	0.0	0.0	0.0	71.88841201716738	0.4291845493562232	0.0
AG-Zf-T-ChIC-K27me3-i3_CCATCCAC	885	80.7909604519774	0.0	0.0	0.0	0.0	0.0	0.0	0.0	0.0	80.7909604519774	0.11299435028248588	0.0
AG-Zf-T-ChIC-K27me3-i3_GACCGTGG	243	83.53909465020575	0.0	0.0	0.0	0.0	0.0	0.0	0.0	0.0	83.53909465020575	0.0	0.0
AG-Zf-T-ChIC-K27me3-i3_TTAATCAT	1393	78.2483847810481	0.0	0.0	0.0	0.0	0.0	0.0	0.0	0.0	78.2483847810481	0.07178750897343862	0.0
AG-Zf-T-ChIC-K27me3-i3_TAAGAAGA	448	78.57142857142857	0.0	0.0	0.0	0.0	0.0	0.0	0.0	0.0	78.57142857142857	0.2232142857142857	0.0
AG-Zf-T-ChIC-K27me3-i3_GGCACGGT	547	72.57769652650823	0.0	0.0	0.0	0.0	0.0	0.0	0.0	0.0	72.57769652650823	0.0	0.0
AG-Zf-T-ChIC-K27me3-i3_TGGCCTAT	598	72.74247491638796	0.0	0.0	0.0	0.0	0.0	0.0	0.0	0.0	72.74247491638796	0.16722408026755853	0.0
AG-Zf-T-ChIC-K27me3-i3_CGGCCACA	422	72.27488151658767	0.0	0.0	0.0	0.0	0.0	0.0	0.0	0.0	72.03791469194313	0.23696682464454977	0.0
AG-Zf-T-ChIC-K27me3-i3_GCCGTTGC	320	67.5	0.0	0.0	0.0	0.0	0.0	0.0	0.0	0.0	67.1875	1.25	0.0
AG-Zf-T-ChIC-K27me3-i3_CGCGGTGG	876	77.05479452054794	0.0	0.0	0.0	0.0	0.0	0.0	0.0	0.0	76.82648401826484	0.3424657534246575	0.0
AG-Zf-T-ChIC-K27me3-i3_GGTCCGTA	4749	79.0061065487471	0.0	0.0	0.0	0.0	0.0	0.0	0.0	0.0	78.96399241945673	0.12634238787113075	0.0
AG-Zf-T-ChIC-K27me3-i3_AGGTCACC	5750	75.5304347826087	0.0	0.0	0.0	0.0	0.0	0.0	0.0	0.0	75.49565217391304	0.10434782608695652	0.0
AG-Zf-T-ChIC-K27me3-i3_GAACGCAA	1042	71.59309021113243	0.0	0.0	0.0	0.0	0.0	0.0	0.0	0.0	71.59309021113243	0.0	0.0
AG-Zf-T-ChIC-K27me3-i3_CTGGAACA	1696	74.46933962264151	0.0	0.0	0.0	0.0	0.0	0.0	0.0	0.0	74.46933962264151	0.1768867924528302	0.0
AG-Zf-T-ChIC-K27me3-i3_CCAACAGC	2930	81.87713310580205	0.0	0.0	0.0	0.0	0.0	0.0	0.0	0.0	81.84300341296928	0.13651877133105803	0.0
AG-Zf-T-ChIC-K27me3-i3_TCGCCGCC	5	100.0	0.0	0.0	0.0	0.0	0.0	0.0	0.0	0.0	100.0	0.0	0.0
AG-Zf-T-ChIC-K27me3-i3_TCTAACCT	6	83.33333333333334	0.0	0.0	0.0	0.0	0.0	0.0	0.0	0.0	83.33333333333334	0.0	0.0
AG-Zf-T-ChIC-K27me3-i3_CCTCCGCG	5	80.0	0.0	0.0	0.0	0.0	0.0	0.0	0.0	0.0	80.0	20.0	0.0
AG-Zf-T-ChIC-K27me3-i3_ACATGGTT	75	81.33333333333333	0.0	0.0	0.0	0.0	0.0	0.0	0.0	0.0	81.33333333333333	1.3333333333333335	0.0
AG-Zf-T-ChIC-K27me3-i8_ACACACTA	683	80.23426061493412	0.0	0.0	0.0	0.0	0.0	0.0	0.0	0.0	80.23426061493412	0.29282576866764276	0.0
AG-Zf-T-ChIC-K27me3-i8_ACACATAG	5110	78.19960861056752	0.0	0.0	0.0	0.0	0.0	0.0	0.0	0.0	78.14090019569471	0.5675146771037182	0.0
AG-Zf-T-ChIC-K27me3-i8_ACACGAGA	1996	81.06212424849699	0.0	0.0	0.0	0.0	0.0	0.0	0.0	0.0	80.71142284569139	0.9519038076152305	0.0
AG-Zf-T-ChIC-K27me3-i8_ACACTATC	6606	77.39933393884347	0.0	0.0	0.0	0.0	0.0	0.0	0.0	0.0	77.338782924614	0.49954586739327883	0.0
AG-Zf-T-ChIC-K27me3-i8_ACACTGAT	6275	79.9203187250996	0.0	0.0	0.0	0.0	0.0	0.0	0.0	0.0	79.88844621513944	0.7330677290836654	0.0
AG-Zf-T-ChIC-K27me3-i8_ACAGTACG	8736	76.23626373626374	0.0	0.0	0.0	0.0	0.0	0.0	0.0	0.0	76.1790293040293	0.27472527472527475	0.0
AG-Zf-T-ChIC-K27me3-i8_ACATACGT	5183	77.40690719660428	0.0	0.0	0.0	0.0	0.0	0.0	0.0	0.0	77.36831950607757	0.11576307158016592	0.0
AG-Zf-T-ChIC-K27me3-i8_ACATCACA	8546	79.83852094547157	0.0	0.0	0.0	0.0	0.0	0.0	0.0	0.0	79.74490989936812	0.456353849754271	0.0
AG-Zf-T-ChIC-K27me3-i8_ACATCTAT	20322	83.55476823147328	0.0	0.0	0.0	0.0	0.0	0.0	0.0	0.0	83.53016435390217	0.1771479185119575	0.0
AG-Zf-T-ChIC-K27me3-i8_ACGACGCG	6152	80.62418725617685	0.0	0.0	0.0	0.0	0.0	0.0	0.0	0.0	80.59167750325098	0.24382314694408325	0.0
AG-Zf-T-ChIC-K27me3-i8_ACGCAGTC	5681	75.18042598134132	0.0	0.0	0.0	0.0	0.0	0.0	0.0	0.0	75.12761837704629	0.24643548671008628	0.0
AG-Zf-T-ChIC-K27me3-i8_ACGCGCGC	1454	76.68500687757908	0.0	0.0	0.0	0.0	0.0	0.0	0.0	0.0	76.68500687757908	0.2751031636863824	0.0
AG-Zf-T-ChIC-K27me3-i8_ACGTAGAT	9076	78.69105332745703	0.0	0.0	0.0	0.0	0.0	0.0	0.0	0.0	78.63596297928603	0.1983252534156016	0.0
AG-Zf-T-ChIC-K27me3-i8_ACGTGATC	5717	76.22879132412105	0.0	0.0	0.0	0.0	0.0	0.0	0.0	0.0	76.21129963267448	0.4372922861640721	0.0
AG-Zf-T-ChIC-K27me3-i8_ACTACAGT	7824	80.18916155419224	0.0	0.0	0.0	0.0	0.0	0.0	0.0	0.0	80.15081799591002	0.1661554192229039	0.0
AG-Zf-T-ChIC-K27me3-i8_ACTACTAC	5783	76.94968009683555	0.0	0.0	0.0	0.0	0.0	0.0	0.0	0.0	76.93238803389244	0.4323015735777278	0.0
AG-Zf-T-ChIC-K27me3-i8_ACTATATA	16760	81.0381861575179	0.0	0.0	0.0	0.0	0.0	0.0	0.0	0.0	80.99045346062053	0.26252983293556087	0.0
AG-Zf-T-ChIC-K27me3-i8_ACTCGATG	2794	76.44953471725125	0.0	0.0	0.0	0.0	0.0	0.0	0.0	0.0	76.44953471725125	1.0379384395132427	0.0
AG-Zf-T-ChIC-K27me3-i8_ACTGACTC	5388	75.05567928730513	0.0	0.0	0.0	0.0	0.0	0.0	0.0	0.0	75.05567928730513	0.4268745360059391	0.0
AG-Zf-T-ChIC-K27me3-i8_ACTGATCA	17108	76.29179331306992	0.0	0.0	0.0	0.0	0.0	0.0	0.0	0.0	76.23918634556932	0.303951367781155	0.0
AG-Zf-T-ChIC-K27me3-i8_ACTGTCGT	1141	78.08939526730938	0.0	0.0	0.0	0.0	0.0	0.0	0.0	0.0	78.08939526730938	0.6134969325153374	0.0
AG-Zf-T-ChIC-K27me3-i8_AGACGCAG	26704	79.77456560814859	0.0	0.0	0.0	0.0	0.0	0.0	0.0	0.0	79.7595865787897	0.10859796285200718	0.0
AG-Zf-T-ChIC-K27me3-i8_AGACTGTA	11622	78.59232490104974	0.0	0.0	0.0	0.0	0.0	0.0	0.0	0.0	78.54069867492687	0.15487867836861124	0.0
AG-Zf-T-ChIC-K27me3-i8_AGAGAGTC	3582	73.11557788944724	0.0	0.0	0.0	0.0	0.0	0.0	0.0	0.0	73.11557788944724	0.11166945840312675	0.0
AG-Zf-T-ChIC-K27me3-i8_AGAGATAT	12044	87.96081036200599	0.0	0.0	0.0	0.0	0.0	0.0	0.0	0.0	87.93590169378945	0.8136831617402857	0.0
AG-Zf-T-ChIC-K27me3-i8_AGAGCGCG	26257	78.775183760521	0.0	0.0	0.0	0.0	0.0	0.0	0.0	0.0	78.74090718665498	0.13710629546406672	0.0
AG-Zf-T-ChIC-K27me3-i8_AGATAGCA	52	88.46153846153845	0.0	0.0	0.0	0.0	0.0	0.0	0.0	0.0	88.46153846153845	0.0	0.0
AG-Zf-T-ChIC-K27me3-i8_AGCAGCTG	56	94.64285714285714	0.0	0.0	0.0	0.0	0.0	0.0	0.0	0.0	94.64285714285714	10.714285714285714	0.0
AG-Zf-T-ChIC-K27me3-i8_AGCATACG	8840	75.58823529411765	0.0	0.0	0.0	0.0	0.0	0.0	0.0	0.0	75.57692307692308	0.6221719457013575	0.0
AG-Zf-T-ChIC-K27me3-i8_AGCGATGC	42301	78.19436892744852	0.0	0.0	0.0	0.0	0.0	0.0	0.0	0.0	78.14472471099974	0.1773007730313704	0.0
AG-Zf-T-ChIC-K27me3-i8_AGCGCATC	818	76.16136919315404	0.0	0.0	0.0	0.0	0.0	0.0	0.0	0.0	76.03911980440098	0.24449877750611246	0.0
AG-Zf-T-ChIC-K27me3-i8_AGCGTCTA	4268	79.19400187441424	0.0	0.0	0.0	0.0	0.0	0.0	0.0	0.0	79.19400187441424	0.18744142455482662	0.0
AG-Zf-T-ChIC-K27me3-i8_AGCTGACA	47143	81.41187450947118	0.0	0.0	0.0	0.0	0.0	0.0	0.0	0.0	81.38005642407144	0.22060539210487243	0.0
AG-Zf-T-ChIC-K27me3-i8_AGTATAGC	96	92.70833333333334	0.0	0.0	0.0	0.0	0.0	0.0	0.0	0.0	92.70833333333334	25.0	0.0
AG-Zf-T-ChIC-K27me3-i8_AGTCACTG	27	92.5925925925926	0.0	0.0	0.0	0.0	0.0	0.0	0.0	0.0	92.5925925925926	59.25925925925925	0.0
AG-Zf-T-ChIC-K27me3-i8_ATACGTCT	134	94.77611940298507	0.0	0.0	0.0	0.0	0.0	0.0	0.0	0.0	94.77611940298507	17.91044776119403	0.0
AG-Zf-T-ChIC-K27me3-i8_ATACTGCG	5510	78.34845735027223	0.0	0.0	0.0	0.0	0.0	0.0	0.0	0.0	78.34845735027223	0.3448275862068966	0.0
AG-Zf-T-ChIC-K27me3-i8_ATAGCATG	11699	85.68253696897172	0.0	0.0	0.0	0.0	0.0	0.0	0.0	0.0	85.6483460124797	0.43593469527310025	0.0
AG-Zf-T-ChIC-K27me3-i8_ATAGCGAT	1619	81.96417541692402	0.0	0.0	0.0	0.0	0.0	0.0	0.0	0.0	81.96417541692402	1.4206300185299567	0.0
AG-Zf-T-ChIC-K27me3-i8_ATATATGA	1357	75.31319086219602	0.0	0.0	0.0	0.0	0.0	0.0	0.0	0.0	75.31319086219602	0.4421518054532056	0.0
AG-Zf-T-ChIC-K27me3-i8_ATATGATA	16437	81.72415890977672	0.0	0.0	0.0	0.0	0.0	0.0	0.0	0.0	81.71807507452698	0.334610938735779	0.0
AG-Zf-T-ChIC-K27me3-i8_ATCACAGA	44044	81.36863136863137	0.0	0.0	0.0	0.0	0.0	0.0	0.0	0.0	81.35273817091999	0.10898192716374536	0.0
AG-Zf-T-ChIC-K27me3-i8_ATCAGTAT	2442	79.52497952497953	0.0	0.0	0.0	0.0	0.0	0.0	0.0	0.0	79.52497952497953	0.45045045045045046	0.0
AG-Zf-T-ChIC-K27me3-i8_ATCATCGC	37741	85.84828170954665	0.0	0.0	0.0	0.0	0.0	0.0	0.0	0.0	85.81648604965422	0.19342359767891684	0.0
AG-Zf-T-ChIC-K27me3-i8_ATCGAGAG	3121	76.35373277795578	0.0	0.0	0.0	0.0	0.0	0.0	0.0	0.0	76.35373277795578	0.8010253123998717	0.0
AG-Zf-T-ChIC-K27me3-i8_ATCGTCAT	4436	78.9224526600541	0.0	0.0	0.0	0.0	0.0	0.0	0.0	0.0	78.89990982867448	0.29305680793507666	0.0
AG-Zf-T-ChIC-K27me3-i8_ATCTACTC	7298	74.82872019731434	0.0	0.0	0.0	0.0	0.0	0.0	0.0	0.0	74.74650589202521	0.2603453000822143	0.0
AG-Zf-T-ChIC-K27me3-i8_ATCTCGAC	5279	75.46883879522636	0.0	0.0	0.0	0.0	0.0	0.0	0.0	0.0	75.46883879522636	0.17048683462777042	0.0
AG-Zf-T-ChIC-K27me3-i8_ATGAGTGA	3042	73.96449704142012	0.0	0.0	0.0	0.0	0.0	0.0	0.0	0.0	73.96449704142012	0.06574621959237344	0.0
AG-Zf-T-ChIC-K27me3-i8_ATGATACA	2624	77.2484756097561	0.0	0.0	0.0	0.0	0.0	0.0	0.0	0.0	77.2484756097561	0.038109756097560975	0.0
AG-Zf-T-ChIC-K27me3-i8_ATGATGAT	11142	77.55340154370849	0.0	0.0	0.0	0.0	0.0	0.0	0.0	0.0	77.53545144498295	0.2602764315203734	0.0
AG-Zf-T-ChIC-K27me3-i8_ATGTCGTG	5395	76.03336422613532	0.0	0.0	0.0	0.0	0.0	0.0	0.0	0.0	75.99629286376273	0.20389249304911955	0.0
AG-Zf-T-ChIC-K27me3-i8_ATGTGTAC	18310	80.51338066630257	0.0	0.0	0.0	0.0	0.0	0.0	0.0	0.0	80.46422719825233	0.3768432550518842	0.0
AG-Zf-T-ChIC-K27me3-i8_CACAGATA	14048	76.3382687927107	0.0	0.0	0.0	0.0	0.0	0.0	0.0	0.0	76.26708428246015	0.3559225512528474	0.0
AG-Zf-T-ChIC-K27me3-i8_CACGACAG	2492	77.52808988764045	0.0	0.0	0.0	0.0	0.0	0.0	0.0	0.0	77.52808988764045	0.2808988764044944	0.0
AG-Zf-T-ChIC-K27me3-i8_CACGCAGC	1184	69.42567567567568	0.0	0.0	0.0	0.0	0.0	0.0	0.0	0.0	69.42567567567568	0.08445945945945946	0.0
AG-Zf-T-ChIC-K27me3-i8_CACGCGCG	2238	81.76943699731903	0.0	0.0	0.0	0.0	0.0	0.0	0.0	0.0	81.72475424486149	0.17873100983020554	0.0
AG-Zf-T-ChIC-K27me3-i8_CACTAGAT	4152	75.77071290944123	0.0	0.0	0.0	0.0	0.0	0.0	0.0	0.0	75.77071290944123	0.0722543352601156	0.0
AG-Zf-T-ChIC-K27me3-i8_CAGACGTA	6738	75.49718017215791	0.0	0.0	0.0	0.0	0.0	0.0	0.0	0.0	75.48233897298901	0.192935589195607	0.0
AG-Zf-T-ChIC-K27me3-i8_CAGCACTC	3482	73.54968408960367	0.0	0.0	0.0	0.0	0.0	0.0	0.0	0.0	73.49224583572659	0.14359563469270534	0.0
AG-Zf-T-ChIC-K27me3-i8_CAGCAGCG	1899	72.61716692996313	0.0	0.0	0.0	0.0	0.0	0.0	0.0	0.0	72.56450763559769	0.105318588730911	0.0
AG-Zf-T-ChIC-K27me3-i8_CAGCGCGA	1637	77.45876603543067	0.0	0.0	0.0	0.0	0.0	0.0	0.0	0.0	77.3365913255956	0.3054367745876604	0.0
AG-Zf-T-ChIC-K27me3-i8_CAGCTGAT	8449	75.44088057758314	0.0	0.0	0.0	0.0	0.0	0.0	0.0	0.0	75.44088057758314	0.2012072434607646	0.0
AG-Zf-T-ChIC-K27me3-i8_CATAGAGT	45217	80.53829311984431	0.0	0.0	0.0	0.0	0.0	0.0	0.0	0.0	80.49848508304399	0.15923214720127388	0.0
AG-Zf-T-ChIC-K27me3-i8_CATATATG	7593	76.33346503358356	0.0	0.0	0.0	0.0	0.0	0.0	0.0	0.0	76.29395495851442	0.42144080073752144	0.0
AG-Zf-T-ChIC-K27me3-i8_CATATGCT	9936	75.58373590982286	0.0	0.0	0.0	0.0	0.0	0.0	0.0	0.0	75.56360708534622	0.1610305958132045	0.0
AG-Zf-T-ChIC-K27me3-i8_CATCAGTA	7959	75.52456338736022	0.0	0.0	0.0	0.0	0.0	0.0	0.0	0.0	75.48687020982536	0.15077271013946475	0.0
AG-Zf-T-ChIC-K27me3-i8_CATCATAG	5251	83.10797943248906	0.0	0.0	0.0	0.0	0.0	0.0	0.0	0.0	82.91753951628262	0.45705579889544845	0.0
AG-Zf-T-ChIC-K27me3-i8_CATGACGT	22	86.36363636363636	0.0	0.0	0.0	0.0	0.0	0.0	0.0	0.0	86.36363636363636	18.181818181818183	0.0
AG-Zf-T-ChIC-K27me3-i8_CGACACAT	5664	74.04661016949152	0.0	0.0	0.0	0.0	0.0	0.0	0.0	0.0	74.02895480225989	0.14124293785310735	0.0
AG-Zf-T-ChIC-K27me3-i8_CGACATCA	3062	80.63357282821684	0.0	0.0	0.0	0.0	0.0	0.0	0.0	0.0	80.63357282821684	0.6858262573481384	0.0
AG-Zf-T-ChIC-K27me3-i8_CGACGACG	44	97.72727272727273	0.0	0.0	0.0	0.0	0.0	0.0	0.0	0.0	97.72727272727273	0.0	0.0
AG-Zf-T-ChIC-K27me3-i8_CGACGCGC	1711	75.21917007597895	0.0	0.0	0.0	0.0	0.0	0.0	0.0	0.0	75.21917007597895	0.058445353594389245	0.0
AG-Zf-T-ChIC-K27me3-i8_CGAGTAGC	821	78.80633373934226	0.0	0.0	0.0	0.0	0.0	0.0	0.0	0.0	78.80633373934226	0.3654080389768575	0.0
AG-Zf-T-ChIC-K27me3-i8_CGCACATG	9711	82.01009164864587	0.0	0.0	0.0	0.0	0.0	0.0	0.0	0.0	81.98949644732777	0.25744001647616105	0.0
AG-Zf-T-ChIC-K27me3-i8_CGCAGTCA	36399	82.0956619687354	0.0	0.0	0.0	0.0	0.0	0.0	0.0	0.0	82.04895738893926	0.19231297563119865	0.0
AG-Zf-T-ChIC-K27me3-i8_CGCATCGA	7	100.0	0.0	0.0	0.0	0.0	0.0	0.0	0.0	0.0	100.0	0.0	0.0
AG-Zf-T-ChIC-K27me3-i8_CGCGAGCA	29	86.20689655172413	0.0	0.0	0.0	0.0	0.0	0.0	0.0	0.0	86.20689655172413	0.0	0.0
AG-Zf-T-ChIC-K27me3-i8_CGCGCGAC	9	77.77777777777779	0.0	0.0	0.0	0.0	0.0	0.0	0.0	0.0	77.77777777777779	0.0	0.0
AG-Zf-T-ChIC-K27me3-i8_CGCGTGTG	2045	80.39119804400978	0.0	0.0	0.0	0.0	0.0	0.0	0.0	0.0	80.29339853300733	0.58679706601467	0.0
AG-Zf-T-ChIC-K27me3-i8_CGCTGAGC	1751	79.6116504854369	0.0	0.0	0.0	0.0	0.0	0.0	0.0	0.0	79.44031981724729	0.6853226727584237	0.0
AG-Zf-T-ChIC-K27me3-i8_CGTAGTGC	3982	73.65645404319437	0.0	0.0	0.0	0.0	0.0	0.0	0.0	0.0	73.63134103465595	0.22601707684580613	0.0
AG-Zf-T-ChIC-K27me3-i8_CGTCAGAC	3269	75.52768430712756	0.0	0.0	0.0	0.0	0.0	0.0	0.0	0.0	75.52768430712756	0.2447231569287244	0.0
AG-Zf-T-ChIC-K27me3-i8_CGTCGAGA	5448	73.01762114537445	0.0	0.0	0.0	0.0	0.0	0.0	0.0	0.0	72.94419970631424	0.25697503671071953	0.0
AG-Zf-T-ChIC-K27me3-i8_CGTGCGCT	2695	71.20593692022264	0.0	0.0	0.0	0.0	0.0	0.0	0.0	0.0	71.20593692022264	0.40816326530612246	0.0
AG-Zf-T-ChIC-K27me3-i8_CGTGTACG	9716	77.2231370934541	0.0	0.0	0.0	0.0	0.0	0.0	0.0	0.0	77.19226018937835	0.18526142445450802	0.0
AG-Zf-T-ChIC-K27me3-i8_CTACGTGA	2616	80.84862385321101	0.0	0.0	0.0	0.0	0.0	0.0	0.0	0.0	80.77217125382263	0.2675840978593272	0.0
AG-Zf-T-ChIC-K27me3-i8_CTAGACTA	15770	75.45973367152821	0.0	0.0	0.0	0.0	0.0	0.0	0.0	0.0	75.37729866835764	0.20291693088142043	0.0
AG-Zf-T-ChIC-K27me3-i8_CTAGTCGT	11	90.9090909090909	0.0	0.0	0.0	0.0	0.0	0.0	0.0	0.0	90.9090909090909	9.090909090909092	0.0
AG-Zf-T-ChIC-K27me3-i8_CTATATAT	12868	75.95585949642523	0.0	0.0	0.0	0.0	0.0	0.0	0.0	0.0	75.88591855766241	0.2098228162884675	0.0
AG-Zf-T-ChIC-K27me3-i8_CTATCACG	5534	83.98988073726056	0.0	0.0	0.0	0.0	0.0	0.0	0.0	0.0	83.97181062522587	0.18070112034694613	0.0
AG-Zf-T-ChIC-K27me3-i8_CTATGAGT	4553	76.30133977597188	0.0	0.0	0.0	0.0	0.0	0.0	0.0	0.0	76.27937623544916	0.10981770261366132	0.0
AG-Zf-T-ChIC-K27me3-i8_CTCACGCT	10121	77.49234265388796	0.0	0.0	0.0	0.0	0.0	0.0	0.0	0.0	77.48246220729177	0.266772058097026	0.0
AG-Zf-T-ChIC-K27me3-i8_CTCGATAC	5328	75.41291291291292	0.0	0.0	0.0	0.0	0.0	0.0	0.0	0.0	75.31906906906907	0.3566066066066066	0.0
AG-Zf-T-ChIC-K27me3-i8_CTCGCATA	1318	82.70106221547799	0.0	0.0	0.0	0.0	0.0	0.0	0.0	0.0	82.62518968133536	1.1380880121396053	0.0
AG-Zf-T-ChIC-K27me3-i8_CTGATGCG	4001	76.65583604098975	0.0	0.0	0.0	0.0	0.0	0.0	0.0	0.0	76.65583604098975	0.2749312671832042	0.0
AG-Zf-T-ChIC-K27me3-i8_CTGCACGT	214	86.44859813084112	0.0	0.0	0.0	0.0	0.0	0.0	0.0	0.0	86.44859813084112	0.0	0.0
AG-Zf-T-ChIC-K27me3-i8_CTGCTATC	6960	78.00287356321839	0.0	0.0	0.0	0.0	0.0	0.0	0.0	0.0	78.00287356321839	0.28735632183908044	0.0
AG-Zf-T-ChIC-K27me3-i8_CTGTATCG	14837	75.85091325739704	0.0	0.0	0.0	0.0	0.0	0.0	0.0	0.0	75.80373390847205	0.2695962795713419	0.0
AG-Zf-T-ChIC-K27me3-i8_CTGTCGCA	7621	77.03713423435245	0.0	0.0	0.0	0.0	0.0	0.0	0.0	0.0	76.9715260464506	0.1312163758037003	0.0
AG-Zf-T-ChIC-K27me3-i8_GACACGAC	3897	78.7785476007185	0.0	0.0	0.0	0.0	0.0	0.0	0.0	0.0	78.70156530664613	0.30792917628945343	0.0
AG-Zf-T-ChIC-K27me3-i8_GACACTCG	4706	71.80195495112622	0.0	0.0	0.0	0.0	0.0	0.0	0.0	0.0	71.78070548236293	0.21249468763280915	0.0
AG-Zf-T-ChIC-K27me3-i8_GACAGCGC	6027	79.87390077982413	0.0	0.0	0.0	0.0	0.0	0.0	0.0	0.0	79.79094076655052	0.16592002654720425	0.0
AG-Zf-T-ChIC-K27me3-i8_GACATAGT	15873	79.21627921627922	0.0	0.0	0.0	0.0	0.0	0.0	0.0	0.0	79.18477918477919	0.16380016380016382	0.0
AG-Zf-T-ChIC-K27me3-i8_GACATGTA	9359	74.87979484987713	0.0	0.0	0.0	0.0	0.0	0.0	0.0	0.0	74.83705524094455	0.1923282401966022	0.0
AG-Zf-T-ChIC-K27me3-i8_GACGAGTC	1640	72.98780487804878	0.0	0.0	0.0	0.0	0.0	0.0	0.0	0.0	72.98780487804878	0.24390243902439024	0.0
AG-Zf-T-ChIC-K27me3-i8_GACGTATG	4401	74.75573733242446	0.0	0.0	0.0	0.0	0.0	0.0	0.0	0.0	74.75573733242446	0.4317200636219041	0.0
AG-Zf-T-ChIC-K27me3-i8_GACTACTA	6898	75.4131632357205	0.0	0.0	0.0	0.0	0.0	0.0	0.0	0.0	75.36967236880255	0.2609452015076834	0.0
AG-Zf-T-ChIC-K27me3-i8_GACTGACG	8717	74.18836755764599	0.0	0.0	0.0	0.0	0.0	0.0	0.0	0.0	74.13100837444074	0.1835493862567397	0.0
AG-Zf-T-ChIC-K27me3-i8_GAGAGTCT	7080	74.97175141242937	0.0	0.0	0.0	0.0	0.0	0.0	0.0	0.0	74.95762711864407	0.1694915254237288	0.0
AG-Zf-T-ChIC-K27me3-i8_GATACATA	11353	75.17836695146657	0.0	0.0	0.0	0.0	0.0	0.0	0.0	0.0	75.13432572888223	0.23782260195543029	0.0
AG-Zf-T-ChIC-K27me3-i8_GATATCAT	9786	76.89556509298998	0.0	0.0	0.0	0.0	0.0	0.0	0.0	0.0	76.87512773349683	0.3678724708767627	0.0
AG-Zf-T-ChIC-K27me3-i8_GATCTCTG	206	87.86407766990291	0.0	0.0	0.0	0.0	0.0	0.0	0.0	0.0	87.86407766990291	0.48543689320388345	0.0
AG-Zf-T-ChIC-K27me3-i8_GATGAGAT	6750	76.07407407407408	0.0	0.0	0.0	0.0	0.0	0.0	0.0	0.0	76.04444444444445	0.23703703703703705	0.0
AG-Zf-T-ChIC-K27me3-i8_GATGCGTG	3690	77.94037940379404	0.0	0.0	0.0	0.0	0.0	0.0	0.0	0.0	77.91327913279133	0.43360433604336046	0.0
AG-Zf-T-ChIC-K27me3-i8_GCACACGC	1704	76.17370892018779	0.0	0.0	0.0	0.0	0.0	0.0	0.0	0.0	76.17370892018779	0.528169014084507	0.0
AG-Zf-T-ChIC-K27me3-i8_GCACTCAG	39575	79.83828174352496	0.0	0.0	0.0	0.0	0.0	0.0	0.0	0.0	79.80543272267846	0.16424510423247	0.0
AG-Zf-T-ChIC-K27me3-i8_GCAGTCTC	55783	79.80567556423999	0.0	0.0	0.0	0.0	0.0	0.0	0.0	0.0	79.73396913038022	0.31730096982951794	0.0
AG-Zf-T-ChIC-K27me3-i8_GCATAGCG	1538	76.4629388816645	0.0	0.0	0.0	0.0	0.0	0.0	0.0	0.0	76.4629388816645	0.7802340702210664	0.0
AG-Zf-T-ChIC-K27me3-i8_GCATGCTA	3463	73.2024256425065	0.0	0.0	0.0	0.0	0.0	0.0	0.0	0.0	73.2024256425065	0.14438348252959862	0.0
AG-Zf-T-ChIC-K27me3-i8_GCGACACT	23724	77.31832743213623	0.0	0.0	0.0	0.0	0.0	0.0	0.0	0.0	77.30568200977913	0.23604788399932555	0.0
AG-Zf-T-ChIC-K27me3-i8_GCGAGCAT	15051	78.36024184439572	0.0	0.0	0.0	0.0	0.0	0.0	0.0	0.0	78.32037738356256	0.15945784333266894	0.0
AG-Zf-T-ChIC-K27me3-i8_GCGATGCA	8939	75.70198008725808	0.0	0.0	0.0	0.0	0.0	0.0	0.0	0.0	75.66841928627363	0.3579818771674684	0.0
AG-Zf-T-ChIC-K27me3-i8_GCGCAGCT	10206	78.34607093866353	0.0	0.0	0.0	0.0	0.0	0.0	0.0	0.0	78.34607093866353	0.04899078973153047	0.0
AG-Zf-T-ChIC-K27me3-i8_GCGCGCTG	5374	75.40007443245254	0.0	0.0	0.0	0.0	0.0	0.0	0.0	0.0	75.34425009304057	0.16747301823595087	0.0
AG-Zf-T-ChIC-K27me3-i8_GCGCTACG	5683	81.18951258138307	0.0	0.0	0.0	0.0	0.0	0.0	0.0	0.0	81.1543199014605	0.12317437972901636	0.0
AG-Zf-T-ChIC-K27me3-i8_GCGCTGAC	16539	82.52615031138521	0.0	0.0	0.0	0.0	0.0	0.0	0.0	0.0	82.48382610798718	0.44138097829372996	0.0
AG-Zf-T-ChIC-K27me3-i8_GCGTCATA	15148	76.59096910483231	0.0	0.0	0.0	0.0	0.0	0.0	0.0	0.0	76.5513599155004	0.1716398204383417	0.0
AG-Zf-T-ChIC-K27me3-i8_GCGTGTGA	11211	73.43680313977343	0.0	0.0	0.0	0.0	0.0	0.0	0.0	0.0	73.41004370707341	0.21407546160021407	0.0
AG-Zf-T-ChIC-K27me3-i8_GCTACGAG	6933	73.30160103851146	0.0	0.0	0.0	0.0	0.0	0.0	0.0	0.0	73.2871772681379	0.21635655560363476	0.0
AG-Zf-T-ChIC-K27me3-i8_GCTCATAT	7299	80.3534730785039	0.0	0.0	0.0	0.0	0.0	0.0	0.0	0.0	80.31237155774764	0.13700506918755995	0.0
AG-Zf-T-ChIC-K27me3-i8_GCTCGAGC	2559	85.1895271590465	0.0	0.0	0.0	0.0	0.0	0.0	0.0	0.0	85.15044939429465	0.23446658851113714	0.0
AG-Zf-T-ChIC-K27me3-i8_GCTGCACG	3032	74.1754617414248	0.0	0.0	0.0	0.0	0.0	0.0	0.0	0.0	74.1754617414248	0.2968337730870712	0.0
AG-Zf-T-ChIC-K27me3-i8_GTACGATC	6067	72.75424427229274	0.0	0.0	0.0	0.0	0.0	0.0	0.0	0.0	72.73776166144718	0.3131696060656008	0.0
AG-Zf-T-ChIC-K27me3-i8_GTAGCAGA	2920	74.0068493150685	0.0	0.0	0.0	0.0	0.0	0.0	0.0	0.0	74.0068493150685	0.2054794520547945	0.0
AG-Zf-T-ChIC-K27me3-i8_GTATACTG	1515	75.11551155115511	0.0	0.0	0.0	0.0	0.0	0.0	0.0	0.0	75.11551155115511	0.066006600660066	0.0
AG-Zf-T-ChIC-K27me3-i8_GTATCTAG	4135	76.27569528415961	0.0	0.0	0.0	0.0	0.0	0.0	0.0	0.0	76.27569528415961	0.4353083434099154	0.0
AG-Zf-T-ChIC-K27me3-i8_GTCACATC	3930	73.12977099236642	0.0	0.0	0.0	0.0	0.0	0.0	0.0	0.0	73.12977099236642	0.22900763358778628	0.0
AG-Zf-T-ChIC-K27me3-i8_GTGAGATG	3506	73.35995436394752	0.0	0.0	0.0	0.0	0.0	0.0	0.0	0.0	73.35995436394752	0.17113519680547634	0.0
AG-Zf-T-ChIC-K27me3-i8_TACACTAT	7956	76.86023127199599	0.0	0.0	0.0	0.0	0.0	0.0	0.0	0.0	76.8476621417798	0.17596782302664657	0.0
AG-Zf-T-ChIC-K27me3-i8_TACATACA	9055	75.09663169519602	0.0	0.0	0.0	0.0	0.0	0.0	0.0	0.0	75.01932633903921	0.2650469353948095	0.0
AG-Zf-T-ChIC-K27me3-i8_TACATCAG	1619	70.22853613341569	0.0	0.0	0.0	0.0	0.0	0.0	0.0	0.0	70.1667696108709	0.3705991352686844	0.0
AG-Zf-T-ChIC-K27me3-i8_TAGATCTA	773	94.69598965071151	0.0	0.0	0.0	0.0	0.0	0.0	0.0	0.0	94.69598965071151	0.129366106080207	0.0
AG-Zf-T-ChIC-K27me3-i8_TAGCGCAG	2094	72.82712511938873	0.0	0.0	0.0	0.0	0.0	0.0	0.0	0.0	72.63610315186246	0.28653295128939826	0.0
AG-Zf-T-ChIC-K27me3-i8_TAGTACGT	1872	78.57905982905983	0.0	0.0	0.0	0.0	0.0	0.0	0.0	0.0	78.52564102564102	0.3205128205128205	0.0
AG-Zf-T-ChIC-K27me3-i8_TAGTCATC	1077	74.4661095636026	0.0	0.0	0.0	0.0	0.0	0.0	0.0	0.0	74.4661095636026	0.5571030640668524	0.0
AG-Zf-T-ChIC-K27me3-i8_TATACGTC	4275	72.53801169590643	0.0	0.0	0.0	0.0	0.0	0.0	0.0	0.0	72.53801169590643	0.23391812865497078	0.0
AG-Zf-T-ChIC-K27me3-i8_TATAGTAC	13077	77.05895847671485	0.0	0.0	0.0	0.0	0.0	0.0	0.0	0.0	77.01307639366827	0.22176340139175652	0.0
AG-Zf-T-ChIC-K27me3-i8_TATCATCA	12026	75.78579743888241	0.0	0.0	0.0	0.0	0.0	0.0	0.0	0.0	75.7608514884417	0.23282887077997672	0.0
AG-Zf-T-ChIC-K27me3-i8_TATCTATA	16580	78.34137515078407	0.0	0.0	0.0	0.0	0.0	0.0	0.0	0.0	78.3112183353438	0.21109770808202655	0.0
AG-Zf-T-ChIC-K27me3-i8_TATGCTAG	5426	74.27202359012163	0.0	0.0	0.0	0.0	0.0	0.0	0.0	0.0	74.2351640250645	0.12900847769996315	0.0
AG-Zf-T-ChIC-K27me3-i8_TCACATGT	4158	75.94997594997595	0.0	0.0	0.0	0.0	0.0	0.0	0.0	0.0	75.92592592592592	0.26455026455026454	0.0
AG-Zf-T-ChIC-K27me3-i8_TCACGCTC	2045	75.99022004889976	0.0	0.0	0.0	0.0	0.0	0.0	0.0	0.0	75.89242053789731	0.3422982885085574	0.0
AG-Zf-T-ChIC-K27me3-i8_TCACTGCA	30640	80.10443864229765	0.0	0.0	0.0	0.0	0.0	0.0	0.0	0.0	80.08485639686684	0.1631853785900783	0.0
AG-Zf-T-ChIC-K27me3-i8_TCAGATAC	16331	78.31118731247321	0.0	0.0	0.0	0.0	0.0	0.0	0.0	0.0	78.28057069377257	0.18369971220378423	0.0
AG-Zf-T-ChIC-K27me3-i8_TCATACAG	4333	75.53657973690284	0.0	0.0	0.0	0.0	0.0	0.0	0.0	0.0	75.51350103854143	0.16155088852988692	0.0
AG-Zf-T-ChIC-K27me3-i8_TCATATCA	6211	76.3806150378361	0.0	0.0	0.0	0.0	0.0	0.0	0.0	0.0	76.3001127032684	0.30590887135726935	0.0
AG-Zf-T-ChIC-K27me3-i8_TCGATGTG	22540	77.42679680567879	0.0	0.0	0.0	0.0	0.0	0.0	0.0	0.0	77.3469387755102	0.2883762200532387	0.0
AG-Zf-T-ChIC-K27me3-i8_TCGCAGAG	1269	78.72340425531915	0.0	0.0	0.0	0.0	0.0	0.0	0.0	0.0	78.56579984239559	0.8668242710795903	0.0
AG-Zf-T-ChIC-K27me3-i8_TCGTGTAT	4740	75.59071729957806	0.0	0.0	0.0	0.0	0.0	0.0	0.0	0.0	75.56962025316456	0.42194092827004215	0.0
AG-Zf-T-ChIC-K27me3-i8_TCTATCTC	1344	78.49702380952381	0.0	0.0	0.0	0.0	0.0	0.0	0.0	0.0	78.42261904761905	0.8928571428571428	0.0
AG-Zf-T-ChIC-K27me3-i8_TGAGTCTG	6472	75.04635352286773	0.0	0.0	0.0	0.0	0.0	0.0	0.0	0.0	75.01545117428925	0.12360939431396785	0.0
AG-Zf-T-ChIC-K27me3-i8_TGCACAGC	3453	75.23892267593398	0.0	0.0	0.0	0.0	0.0	0.0	0.0	0.0	75.1810020272227	0.1448016217781639	0.0
AG-Zf-T-ChIC-K27me3-i8_TGCGACAC	3041	75.89608681354818	0.0	0.0	0.0	0.0	0.0	0.0	0.0	0.0	75.86320289378494	0.19730351857941467	0.0
AG-Zf-T-ChIC-K27me3-i8_TGCGCTCG	4761	72.29573618987608	0.0	0.0	0.0	0.0	0.0	0.0	0.0	0.0	72.29573618987608	0.3780718336483932	0.0
AG-Zf-T-ChIC-K27me3-i8_TGCTATGA	3391	71.66027720436449	0.0	0.0	0.0	0.0	0.0	0.0	0.0	0.0	71.66027720436449	0.383367738130345	0.0
AG-Zf-T-ChIC-K27me3-i8_TGCTCGAG	1828	75.76586433260394	0.0	0.0	0.0	0.0	0.0	0.0	0.0	0.0	75.71115973741794	0.10940919037199125	0.0
AG-Zf-T-ChIC-K27me3-i8_TGTACACT	3368	75.0	0.0	0.0	0.0	0.0	0.0	0.0	0.0	0.0	74.91092636579573	0.32660332541567694	0.0
AG-Zf-T-ChIC-K27me3-i8_TGTAGATA	3006	79.64071856287424	0.0	0.0	0.0	0.0	0.0	0.0	0.0	0.0	79.60745176314039	0.36593479707252163	0.0
AG-Zf-T-ChIC-K27me3-i8_TGTATGAC	8794	75.01705708437572	0.0	0.0	0.0	0.0	0.0	0.0	0.0	0.0	75.01705708437572	0.1933136229247214	0.0
AG-Zf-T-ChIC-K27me3-i8_TGTCACGT	6322	78.6934514394179	0.0	0.0	0.0	0.0	0.0	0.0	0.0	0.0	78.6618158810503	0.33217336285985444	0.0
AG-Zf-T-ChIC-K27me3-i8_TGTCTGTG	4157	75.48713014192927	0.0	0.0	0.0	0.0	0.0	0.0	0.0	0.0	75.4390185229733	0.14433485686793363	0.0
AG-Zf-T-ChIC-K27me3-i8_TGTGATCT	11231	74.88202297213071	0.0	0.0	0.0	0.0	0.0	0.0	0.0	0.0	74.85531119223577	0.641082717478408	0.0
AG-Zf-T-ChIC-K27me3-i8_ATAAGCTC	3470	77.43515850144092	0.0	0.0	0.0	0.0	0.0	0.0	0.0	0.0	77.4063400576369	0.7492795389048991	0.0
AG-Zf-T-ChIC-K27me3-i8_ATTCTCGA	3172	76.10340479192939	0.0	0.0	0.0	0.0	0.0	0.0	0.0	0.0	76.0718789407314	0.22068095838587645	0.0
AG-Zf-T-ChIC-K27me3-i8_TGCTAATG	6353	75.17708169368802	0.0	0.0	0.0	0.0	0.0	0.0	0.0	0.0	75.12985990870455	0.3462930898787974	0.0
AG-Zf-T-ChIC-K27me3-i8_ATGTTAGC	6357	77.6781500707881	0.0	0.0	0.0	0.0	0.0	0.0	0.0	0.0	77.64668868963346	0.36180588327827595	0.0
AG-Zf-T-ChIC-K27me3-i8_ACTCTCCG	6290	76.50238473767885	0.0	0.0	0.0	0.0	0.0	0.0	0.0	0.0	76.50238473767885	0.2702702702702703	0.0
AG-Zf-T-ChIC-K27me3-i8_ATCTCTTA	6075	74.83127572016461	0.0	0.0	0.0	0.0	0.0	0.0	0.0	0.0	74.83127572016461	0.1646090534979424	0.0
AG-Zf-T-ChIC-K27me3-i8_GCCTAGAC	19893	77.12260594178856	0.0	0.0	0.0	0.0	0.0	0.0	0.0	0.0	77.08741768461267	0.14075302870356407	0.0
AG-Zf-T-ChIC-K27me3-i8_CGGTGCAC	3094	72.26890756302521	0.0	0.0	0.0	0.0	0.0	0.0	0.0	0.0	72.26890756302521	0.19392372333548805	0.0
AG-Zf-T-ChIC-K27me3-i8_GGAGTCAT	1899	82.41179568193786	0.0	0.0	0.0	0.0	0.0	0.0	0.0	0.0	82.30647709320695	0.315955766192733	0.0
AG-Zf-T-ChIC-K27me3-i8_TAACGACA	33749	79.67050875581498	0.0	0.0	0.0	0.0	0.0	0.0	0.0	0.0	79.64976740051557	0.20148745148004388	0.0
AG-Zf-T-ChIC-K27me3-i8_GTAAGTGT	26480	77.9607250755287	0.0	0.0	0.0	0.0	0.0	0.0	0.0	0.0	77.90785498489427	0.19259818731117825	0.0
AG-Zf-T-ChIC-K27me3-i8_CAGAATAT	1293	79.27300850734726	0.0	0.0	0.0	0.0	0.0	0.0	0.0	0.0	79.19566898685228	0.8507347254447023	0.0
AG-Zf-T-ChIC-K27me3-i8_GTCTGATT	20380	75.9568204121688	0.0	0.0	0.0	0.0	0.0	0.0	0.0	0.0	75.9224730127576	0.21589793915603533	0.0
AG-Zf-T-ChIC-K27me3-i8_CGTGCCTG	2654	76.07385079125848	0.0	0.0	0.0	0.0	0.0	0.0	0.0	0.0	75.99849284099473	0.3391107761868877	0.0
AG-Zf-T-ChIC-K27me3-i8_CATTATGA	7579	76.2765536350442	0.0	0.0	0.0	0.0	0.0	0.0	0.0	0.0	76.23697057659322	0.2111096450719092	0.0
AG-Zf-T-ChIC-K27me3-i8_GCAGCGCC	5163	74.72399767576991	0.0	0.0	0.0	0.0	0.0	0.0	0.0	0.0	74.70462909161341	0.19368584156498161	0.0
AG-Zf-T-ChIC-K27me3-i8_AGTGGCGC	698	74.78510028653295	0.0	0.0	0.0	0.0	0.0	0.0	0.0	0.0	74.64183381088824	0.42979942693409745	0.0
AG-Zf-T-ChIC-K27me3-i8_TTACTATG	5677	76.71305266866302	0.0	0.0	0.0	0.0	0.0	0.0	0.0	0.0	76.6602078562621	0.29945393693852385	0.0
AG-Zf-T-ChIC-K27me3-i8_TGCATCCT	33472	83.71175908221798	0.0	0.0	0.0	0.0	0.0	0.0	0.0	0.0	83.67590822179733	0.16431644359464626	0.0
AG-Zf-T-ChIC-K27me3-i8_TCGTTACA	6660	72.08708708708708	0.0	0.0	0.0	0.0	0.0	0.0	0.0	0.0	72.02702702702702	0.13513513513513514	0.0
AG-Zf-T-ChIC-K27me3-i8_TCTTCTGT	4990	80.50100200400801	0.0	0.0	0.0	0.0	0.0	0.0	0.0	0.0	80.44088176352705	0.32064128256513025	0.0
AG-Zf-T-ChIC-K27me3-i8_GACGCTTA	7527	75.78052344891724	0.0	0.0	0.0	0.0	0.0	0.0	0.0	0.0	75.70081041583632	0.35870864886408926	0.0
AG-Zf-T-ChIC-K27me3-i8_ATCCGCAC	2402	81.47377185678602	0.0	0.0	0.0	0.0	0.0	0.0	0.0	0.0	81.47377185678602	0.4163197335553705	0.0
AG-Zf-T-ChIC-K27me3-i8_TGTGCGGC	2811	74.27961579509072	0.0	0.0	0.0	0.0	0.0	0.0	0.0	0.0	74.24404126645322	0.21344717182497333	0.0
AG-Zf-T-ChIC-K27me3-i8_CTCGGCGC	10763	79.0950478491127	0.0	0.0	0.0	0.0	0.0	0.0	0.0	0.0	79.08575675926787	0.13007525782774318	0.0
AG-Zf-T-ChIC-K27me3-i8_AGTTACAT	5831	73.94957983193278	0.0	0.0	0.0	0.0	0.0	0.0	0.0	0.0	73.8809809638141	0.17149717029669012	0.0
AG-Zf-T-ChIC-K27me3-i8_GGTCGCAC	1220	75.90163934426229	0.0	0.0	0.0	0.0	0.0	0.0	0.0	0.0	75.81967213114754	0.49180327868852464	0.0
AG-Zf-T-ChIC-K27me3-i8_TAGATAAT	17540	78.71151653363741	0.0	0.0	0.0	0.0	0.0	0.0	0.0	0.0	78.71151653363741	0.21664766248574688	0.0
AG-Zf-T-ChIC-K27me3-i8_GTAGTATT	54057	81.46401021144347	0.0	0.0	0.0	0.0	0.0	0.0	0.0	0.0	81.43071202619457	0.13134284181512107	0.0
AG-Zf-T-ChIC-K27me3-i8_GTCAAGCA	5435	77.01931922723091	0.0	0.0	0.0	0.0	0.0	0.0	0.0	0.0	76.98252069917203	0.27598896044158233	0.0
AG-Zf-T-ChIC-K27me3-i8_CAGGTGTC	9180	75.96949891067538	0.0	0.0	0.0	0.0	0.0	0.0	0.0	0.0	75.94771241830065	0.16339869281045752	0.0
AG-Zf-T-ChIC-K27me3-i8_CTTGCTCG	7354	77.95757410932825	0.0	0.0	0.0	0.0	0.0	0.0	0.0	0.0	77.87598585803644	0.25836279575741095	0.0
AG-Zf-T-ChIC-K27me3-i8_CTCGAGTT	10875	78.9609195402299	0.0	0.0	0.0	0.0	0.0	0.0	0.0	0.0	78.80459770114942	0.41379310344827586	0.0
AG-Zf-T-ChIC-K27me3-i8_GTAAGACA	51953	93.22849498585259	0.0	0.0	0.0	0.0	0.0	0.0	0.0	0.0	93.21887090254654	0.07506784978730775	0.0
AG-Zf-T-ChIC-K27me3-i8_CGATCAAT	7237	76.41287826447423	0.0	0.0	0.0	0.0	0.0	0.0	0.0	0.0	76.32997098245129	0.3730827691032196	0.0
AG-Zf-T-ChIC-K27me3-i8_GATTCGCA	10789	75.55843915098711	0.0	0.0	0.0	0.0	0.0	0.0	0.0	0.0	75.53990175178423	0.1575678932245806	0.0
AG-Zf-T-ChIC-K27me3-i8_GCCTATGT	8208	78.00925925925925	0.0	0.0	0.0	0.0	0.0	0.0	0.0	0.0	77.96052631578947	0.1949317738791423	0.0
AG-Zf-T-ChIC-K27me3-i8_CAAGATCG	4702	76.26541897065079	0.0	0.0	0.0	0.0	0.0	0.0	0.0	0.0	76.24415142492556	0.1701403658017865	0.0
AG-Zf-T-ChIC-K27me3-i8_GAGCGGTA	36123	78.51507349887883	0.0	0.0	0.0	0.0	0.0	0.0	0.0	0.0	78.45970711181242	0.23530714503225092	0.0
AG-Zf-T-ChIC-K27me3-i8_CATTCTAC	4338	72.54495159059474	0.0	0.0	0.0	0.0	0.0	0.0	0.0	0.0	72.54495159059474	0.23052097740894423	0.0
AG-Zf-T-ChIC-K27me3-i8_GACGTCCT	8553	76.90868701040571	0.0	0.0	0.0	0.0	0.0	0.0	0.0	0.0	76.83853618613352	0.350754121360926	0.0
AG-Zf-T-ChIC-K27me3-i8_TCCGACTG	1640	73.35365853658537	0.0	0.0	0.0	0.0	0.0	0.0	0.0	0.0	73.29268292682927	0.426829268292683	0.0
AG-Zf-T-ChIC-K27me3-i8_CTACATTC	2076	75.1926782273603	0.0	0.0	0.0	0.0	0.0	0.0	0.0	0.0	75.1926782273603	0.24084778420038533	0.0
AG-Zf-T-ChIC-K27me3-i8_ATCAGGCG	10694	76.09874696091266	0.0	0.0	0.0	0.0	0.0	0.0	0.0	0.0	76.05199177108659	0.15896764540864036	0.0
AG-Zf-T-ChIC-K27me3-i8_AATCGTAT	9592	75.86530442035028	0.0	0.0	0.0	0.0	0.0	0.0	0.0	0.0	75.84445371142618	0.1980817347789825	0.0
AG-Zf-T-ChIC-K27me3-i8_GTCGCCTG	6350	76.61417322834646	0.0	0.0	0.0	0.0	0.0	0.0	0.0	0.0	76.56692913385827	0.2204724409448819	0.0
AG-Zf-T-ChIC-K27me3-i8_CGCGCCGT	6127	78.06430553288722	0.0	0.0	0.0	0.0	0.0	0.0	0.0	0.0	78.06430553288722	0.09792720744246776	0.0
AG-Zf-T-ChIC-K27me3-i8_CTCTGAAG	4610	75.79175704989154	0.0	0.0	0.0	0.0	0.0	0.0	0.0	0.0	75.7700650759219	0.15184381778741865	0.0
AG-Zf-T-ChIC-K27me3-i8_TATGCATT	2239	77.2666368914694	0.0	0.0	0.0	0.0	0.0	0.0	0.0	0.0	77.17731129968736	0.2679767753461367	0.0
AG-Zf-T-ChIC-K27me3-i8_TCGTAGGA	1533	89.43248532289628	0.0	0.0	0.0	0.0	0.0	0.0	0.0	0.0	89.43248532289628	0.5870841487279843	0.0
AG-Zf-T-ChIC-K27me3-i8_GCTCAACA	2797	73.79335001787629	0.0	0.0	0.0	0.0	0.0	0.0	0.0	0.0	73.79335001787629	0.21451555237754738	0.0
AG-Zf-T-ChIC-K27me3-i8_TAAGTGCT	7209	79.92786794284922	0.0	0.0	0.0	0.0	0.0	0.0	0.0	0.0	79.90012484394506	0.9016507143847968	0.0
AG-Zf-T-ChIC-K27me3-i8_ATCATATT	6107	76.17488128377272	0.0	0.0	0.0	0.0	0.0	0.0	0.0	0.0	76.15850663173408	0.4257409530047486	0.0
AG-Zf-T-ChIC-K27me3-i8_TAGACTTG	11715	74.40034144259496	0.0	0.0	0.0	0.0	0.0	0.0	0.0	0.0	74.31498079385403	0.39265898420827994	0.0
AG-Zf-T-ChIC-K27me3-i8_ATATAACT	24419	80.99021253941604	0.0	0.0	0.0	0.0	0.0	0.0	0.0	0.0	80.93697530611409	0.2661861665096851	0.0
AG-Zf-T-ChIC-K27me3-i8_CGTACGGA	661	73.07110438729198	0.0	0.0	0.0	0.0	0.0	0.0	0.0	0.0	73.07110438729198	0.7564296520423601	0.0
AG-Zf-T-ChIC-K27me3-i8_TTAGAGCA	1868	90.0963597430407	0.0	0.0	0.0	0.0	0.0	0.0	0.0	0.0	90.0963597430407	0.21413276231263384	0.0
AG-Zf-T-ChIC-K27me3-i8_GCTAGTAA	681	72.54038179148311	0.0	0.0	0.0	0.0	0.0	0.0	0.0	0.0	72.3935389133627	0.5873715124816447	0.0
AG-Zf-T-ChIC-K27me3-i8_CTATTGTG	1488	77.21774193548387	0.0	0.0	0.0	0.0	0.0	0.0	0.0	0.0	77.21774193548387	0.47043010752688175	0.0
AG-Zf-T-ChIC-K27me3-i8_AGATATTG	3340	70.77844311377245	0.0	0.0	0.0	0.0	0.0	0.0	0.0	0.0	70.77844311377245	0.08982035928143713	0.0
AG-Zf-T-ChIC-K27me3-i8_AATGTGTA	3052	78.60419397116645	0.0	0.0	0.0	0.0	0.0	0.0	0.0	0.0	78.50589777195282	0.49148099606815204	0.0
AG-Zf-T-ChIC-K27me3-i8_CGGCGTAG	3236	78.39925834363412	0.0	0.0	0.0	0.0	0.0	0.0	0.0	0.0	78.39925834363412	0.30902348578491967	0.0
AG-Zf-T-ChIC-K27me3-i8_GTCAATGC	11023	77.95518461398893	0.0	0.0	0.0	0.0	0.0	0.0	0.0	0.0	77.88260909008436	0.3175179170824639	0.0
AG-Zf-T-ChIC-K27me3-i8_GTGGAGAC	28700	80.51219512195122	0.0	0.0	0.0	0.0	0.0	0.0	0.0	0.0	80.44599303135888	0.22996515679442509	0.0
AG-Zf-T-ChIC-K27me3-i8_TAGCTTGT	9302	75.42463986239518	0.0	0.0	0.0	0.0	0.0	0.0	0.0	0.0	75.40313910986885	0.1827563964738766	0.0
AG-Zf-T-ChIC-K27me3-i8_GACTCGTT	6811	74.62927617090001	0.0	0.0	0.0	0.0	0.0	0.0	0.0	0.0	74.59991190720892	0.23491410952870356	0.0
AG-Zf-T-ChIC-K27me3-i8_GAGACTAA	4825	74.81865284974093	0.0	0.0	0.0	0.0	0.0	0.0	0.0	0.0	74.7979274611399	0.3316062176165803	0.0
AG-Zf-T-ChIC-K27me3-i8_CGCTCTTC	1843	72.87032013022247	0.0	0.0	0.0	0.0	0.0	0.0	0.0	0.0	72.76180141074336	0.16277807921866522	0.0
AG-Zf-T-ChIC-K27me3-i8_AGCCAGAT	3166	72.58370183196462	0.0	0.0	0.0	0.0	0.0	0.0	0.0	0.0	72.58370183196462	0.3474415666456096	0.0
AG-Zf-T-ChIC-K27me3-i8_TGCAAGTA	4629	78.0946208684381	0.0	0.0	0.0	0.0	0.0	0.0	0.0	0.0	78.07301793043854	0.34564700799308706	0.0
AG-Zf-T-ChIC-K27me3-i8_AACTAGTG	6884	76.74317257408484	0.0	0.0	0.0	0.0	0.0	0.0	0.0	0.0	76.74317257408484	0.421266705403835	0.0
AG-Zf-T-ChIC-K27me3-i8_TCCTCACG	19546	77.27412258262561	0.0	0.0	0.0	0.0	0.0	0.0	0.0	0.0	77.24854190115624	0.24045840581193084	0.0
AG-Zf-T-ChIC-K27me3-i8_CGCAACTC	509	77.01375245579568	0.0	0.0	0.0	0.0	0.0	0.0	0.0	0.0	77.01375245579568	0.5893909626719057	0.0
AG-Zf-T-ChIC-K27me3-i8_AGCGCCAG	12407	79.3423067623116	0.0	0.0	0.0	0.0	0.0	0.0	0.0	0.0	79.2858869992746	0.3707584428145402	0.0
AG-Zf-T-ChIC-K27me3-i8_CGAAGATC	192823	86.4025557117149	0.0	0.0	0.0	0.0	0.0	0.0	0.0	0.0	86.39010906375277	0.08660792540308988	0.0
AG-Zf-T-ChIC-K27me3-i8_GGATATCT	8548	78.83715489003276	0.0	0.0	0.0	0.0	0.0	0.0	0.0	0.0	78.83715489003276	0.28076743097800655	0.0
AG-Zf-T-ChIC-K27me3-i8_AGTCGCCT	7755	77.60154738878143	0.0	0.0	0.0	0.0	0.0	0.0	0.0	0.0	77.60154738878143	0.1289490651192779	0.0
AG-Zf-T-ChIC-K27me3-i8_TGTACTGG	12620	76.25990491283676	0.0	0.0	0.0	0.0	0.0	0.0	0.0	0.0	76.23613312202852	0.20602218700475436	0.0
AG-Zf-T-ChIC-K27me3-i8_TGTGTCCA	4532	73.58781994704324	0.0	0.0	0.0	0.0	0.0	0.0	0.0	0.0	73.5657546337158	0.353045013239188	0.0
AG-Zf-T-ChIC-K27me3-i8_GGCTACGC	3333	90.9090909090909	0.0	0.0	0.0	0.0	0.0	0.0	0.0	0.0	90.84908490849085	0.15001500150015	0.0
AG-Zf-T-ChIC-K27me3-i8_CGGATATA	898	78.17371937639199	0.0	0.0	0.0	0.0	0.0	0.0	0.0	0.0	77.83964365256125	1.0022271714922049	0.0
AG-Zf-T-ChIC-K27me3-i8_GCAGTTCT	6977	75.57689551383116	0.0	0.0	0.0	0.0	0.0	0.0	0.0	0.0	75.53389709044002	0.18632650136161674	0.0
AG-Zf-T-ChIC-K27me3-i8_GTGTAGTT	8893	73.8108624761048	0.0	0.0	0.0	0.0	0.0	0.0	0.0	0.0	73.75463847970313	0.21365118632632407	0.0
AG-Zf-T-ChIC-K27me3-i8_GTCTTCGA	2275	78.50549450549451	0.0	0.0	0.0	0.0	0.0	0.0	0.0	0.0	78.41758241758242	0.21978021978021978	0.0
AG-Zf-T-ChIC-K27me3-i8_GTGCCGCG	2486	76.66934835076428	0.0	0.0	0.0	0.0	0.0	0.0	0.0	0.0	76.54867256637168	0.32180209171359614	0.0
AG-Zf-T-ChIC-K27me3-i8_TCTCATTG	12195	78.12218122181221	0.0	0.0	0.0	0.0	0.0	0.0	0.0	0.0	78.08938089380894	0.1886018860188602	0.0
AG-Zf-T-ChIC-K27me3-i8_CAATGCAG	2001	76.11194402798601	0.0	0.0	0.0	0.0	0.0	0.0	0.0	0.0	75.96201899050475	0.29985007496251875	0.0
AG-Zf-T-ChIC-K27me3-i8_CTCCTCAG	7377	75.46428087298361	0.0	0.0	0.0	0.0	0.0	0.0	0.0	0.0	75.43716958113053	0.27111291853056796	0.0
AG-Zf-T-ChIC-K27me3-i8_GTACTGGA	5366	74.6552366753634	0.0	0.0	0.0	0.0	0.0	0.0	0.0	0.0	74.63660081997764	0.20499440924338427	0.0
AG-Zf-T-ChIC-K27me3-i8_AGGCGCTA	2647	77.25727238383075	0.0	0.0	0.0	0.0	0.0	0.0	0.0	0.0	77.21949376652815	0.07555723460521345	0.0
AG-Zf-T-ChIC-K27me3-i8_AACGTGAC	1779	77.57166947723441	0.0	0.0	0.0	0.0	0.0	0.0	0.0	0.0	77.57166947723441	0.22484541877459246	0.0
AG-Zf-T-ChIC-K27me3-i8_ATCCAGTA	10124	83.97866455946267	0.0	0.0	0.0	0.0	0.0	0.0	0.0	0.0	83.91939944685895	0.5037534571315685	0.0
AG-Zf-T-ChIC-K27me3-i8_GCCGACAT	1820	75.76923076923077	0.0	0.0	0.0	0.0	0.0	0.0	0.0	0.0	75.76923076923077	0.27472527472527475	0.0
AG-Zf-T-ChIC-K27me3-i8_CACGTGGA	3920	76.4795918367347	0.0	0.0	0.0	0.0	0.0	0.0	0.0	0.0	76.4795918367347	0.30612244897959184	0.0
AG-Zf-T-ChIC-K27me3-i8_AGATTAGA	9506	77.2459499263623	0.0	0.0	0.0	0.0	0.0	0.0	0.0	0.0	77.21439091100358	0.22091310751104565	0.0
AG-Zf-T-ChIC-K27me3-i8_GATCTGAA	11924	76.92049647769204	0.0	0.0	0.0	0.0	0.0	0.0	0.0	0.0	76.8869506876887	0.13418316001341832	0.0
AG-Zf-T-ChIC-K27me3-i8_ACAACTGA	1176	81.0374149659864	0.0	0.0	0.0	0.0	0.0	0.0	0.0	0.0	81.0374149659864	1.0204081632653061	0.0
AG-Zf-T-ChIC-K27me3-i8_TTGTATTA	952	80.5672268907563	0.0	0.0	0.0	0.0	0.0	0.0	0.0	0.0	80.5672268907563	3.7815126050420167	0.0
AG-Zf-T-ChIC-K27me3-i8_ACATTCAA	6609	77.15236798305341	0.0	0.0	0.0	0.0	0.0	0.0	0.0	0.0	77.13723710092299	0.3026176426085641	0.0
AG-Zf-T-ChIC-K27me3-i8_ATATTGGT	8129	73.25624308032968	0.0	0.0	0.0	0.0	0.0	0.0	0.0	0.0	73.19473489974166	0.14761963341124368	0.0
AG-Zf-T-ChIC-K27me3-i8_CCGTCGGC	2220	73.69369369369369	0.0	0.0	0.0	0.0	0.0	0.0	0.0	0.0	73.69369369369369	0.18018018018018017	0.0
AG-Zf-T-ChIC-K27me3-i8_CAATAATA	19055	76.56782996588822	0.0	0.0	0.0	0.0	0.0	0.0	0.0	0.0	76.51010233534505	0.25190238782471797	0.0
AG-Zf-T-ChIC-K27me3-i8_CGCCACGG	1970	74.56852791878173	0.0	0.0	0.0	0.0	0.0	0.0	0.0	0.0	74.56852791878173	0.3045685279187817	0.0
AG-Zf-T-ChIC-K27me3-i8_CCTCTTGT	5525	73.61085972850678	0.0	0.0	0.0	0.0	0.0	0.0	0.0	0.0	73.57466063348417	0.5248868778280543	0.0
AG-Zf-T-ChIC-K27me3-i8_TTGGACAT	1706	72.45017584994137	0.0	0.0	0.0	0.0	0.0	0.0	0.0	0.0	72.45017584994137	0.11723329425556857	0.0
AG-Zf-T-ChIC-K27me3-i8_GGTATATT	4161	73.20355683729872	0.0	0.0	0.0	0.0	0.0	0.0	0.0	0.0	73.20355683729872	0.38452295121365054	0.0
AG-Zf-T-ChIC-K27me3-i8_TGAATTGA	2582	74.9419054996127	0.0	0.0	0.0	0.0	0.0	0.0	0.0	0.0	74.86444616576297	0.2711076684740511	0.0
AG-Zf-T-ChIC-K27me3-i8_TCTTGACC	4777	77.8940757797781	0.0	0.0	0.0	0.0	0.0	0.0	0.0	0.0	77.87314213941805	0.18840276324052752	0.0
AG-Zf-T-ChIC-K27me3-i8_ACCTGCCT	100157	81.59289914833711	0.0	0.0	0.0	0.0	0.0	0.0	0.0	0.0	81.55296184989567	0.16873508591511327	0.0
AG-Zf-T-ChIC-K27me3-i8_TGAAGCGG	8733	77.9686247566701	0.0	0.0	0.0	0.0	0.0	0.0	0.0	0.0	77.9113706630024	0.18321309973663116	0.0
AG-Zf-T-ChIC-K27me3-i8_CGGCTAGG	3467	73.95442745889818	0.0	0.0	0.0	0.0	0.0	0.0	0.0	0.0	73.83905393712143	0.31727718488606865	0.0
AG-Zf-T-ChIC-K27me3-i8_AAGCGTCC	819	75.21367521367522	0.0	0.0	0.0	0.0	0.0	0.0	0.0	0.0	75.21367521367522	0.9768009768009768	0.0
AG-Zf-T-ChIC-K27me3-i8_TAATATGG	1236	69.7411003236246	0.0	0.0	0.0	0.0	0.0	0.0	0.0	0.0	69.66019417475728	0.5663430420711975	0.0
AG-Zf-T-ChIC-K27me3-i8_CCTAACGC	418	72.24880382775119	0.0	0.0	0.0	0.0	0.0	0.0	0.0	0.0	72.24880382775119	0.4784688995215311	0.0
AG-Zf-T-ChIC-K27me3-i8_TTGAATCT	1667	87.4625074985003	0.0	0.0	0.0	0.0	0.0	0.0	0.0	0.0	87.40251949610078	1.3197360527894422	0.0
AG-Zf-T-ChIC-K27me3-i8_GAACTGTT	13811	76.81558178263703	0.0	0.0	0.0	0.0	0.0	0.0	0.0	0.0	76.7721381507494	0.15205271160669032	0.0
AG-Zf-T-ChIC-K27me3-i8_ATTCCATC	3159	72.90281734726179	0.0	0.0	0.0	0.0	0.0	0.0	0.0	0.0	72.90281734726179	0.22158911047799934	0.0
AG-Zf-T-ChIC-K27me3-i8_GATAATTC	4964	75.9065269943594	0.0	0.0	0.0	0.0	0.0	0.0	0.0	0.0	75.9065269943594	0.5842062852538276	0.0
AG-Zf-T-ChIC-K27me3-i8_AATGCGCC	8866	74.14843221294835	0.0	0.0	0.0	0.0	0.0	0.0	0.0	0.0	74.12587412587412	0.25941800135348525	0.0
AG-Zf-T-ChIC-K27me3-i8_GATTAGGC	3696	76.48809523809523	0.0	0.0	0.0	0.0	0.0	0.0	0.0	0.0	76.48809523809523	0.21645021645021645	0.0
AG-Zf-T-ChIC-K27me3-i8_GTTAGAAC	6503	75.82654159618639	0.0	0.0	0.0	0.0	0.0	0.0	0.0	0.0	75.82654159618639	0.24604028909733971	0.0
AG-Zf-T-ChIC-K27me3-i8_AGGTAGGC	6633	77.98884366048546	0.0	0.0	0.0	0.0	0.0	0.0	0.0	0.0	77.92853912256898	0.16583747927031509	0.0
AG-Zf-T-ChIC-K27me3-i8_ACTCCTTA	14839	78.21955657389313	0.0	0.0	0.0	0.0	0.0	0.0	0.0	0.0	78.17238358379944	0.2628209448076016	0.0
AG-Zf-T-ChIC-K27me3-i8_GGCTGTTA	5053	76.41005343360379	0.0	0.0	0.0	0.0	0.0	0.0	0.0	0.0	76.37047298634475	0.2770631308133782	0.0
AG-Zf-T-ChIC-K27me3-i8_CTTCACCA	5034	72.50695272149385	0.0	0.0	0.0	0.0	0.0	0.0	0.0	0.0	72.46722288438617	0.25824394119984106	0.0
AG-Zf-T-ChIC-K27me3-i8_GCAATTAC	11688	76.56570841889116	0.0	0.0	0.0	0.0	0.0	0.0	0.0	0.0	76.55715263518138	0.23956194387405885	0.0
AG-Zf-T-ChIC-K27me3-i8_TTACACCT	10172	73.67282736924892	0.0	0.0	0.0	0.0	0.0	0.0	0.0	0.0	73.65316555249704	0.17695635076681085	0.0
AG-Zf-T-ChIC-K27me3-i8_CGCCTGGC	2772	70.56277056277057	0.0	0.0	0.0	0.0	0.0	0.0	0.0	0.0	70.49062049062049	0.07215007215007214	0.0
AG-Zf-T-ChIC-K27me3-i8_TCGAACGG	1183	77.34573119188504	0.0	0.0	0.0	0.0	0.0	0.0	0.0	0.0	77.09213863060018	1.098901098901099	0.0
AG-Zf-T-ChIC-K27me3-i8_CTTCCACT	9190	75.930359085963	0.0	0.0	0.0	0.0	0.0	0.0	0.0	0.0	75.90859630032644	0.20674646354733403	0.0
AG-Zf-T-ChIC-K27me3-i8_ATTGTTAC	5360	78.84328358208955	0.0	0.0	0.0	0.0	0.0	0.0	0.0	0.0	78.84328358208955	0.13059701492537315	0.0
AG-Zf-T-ChIC-K27me3-i8_ATTAACTA	17669	77.48599241609598	0.0	0.0	0.0	0.0	0.0	0.0	0.0	0.0	77.45203463693474	0.19242741524704282	0.0
AG-Zf-T-ChIC-K27me3-i8_GTGGCCGT	82995	85.03524308693294	0.0	0.0	0.0	0.0	0.0	0.0	0.0	0.0	85.01596481715767	0.10362070004217121	0.0
AG-Zf-T-ChIC-K27me3-i8_CGTTAGGT	68092	83.02737472830876	0.0	0.0	0.0	0.0	0.0	0.0	0.0	0.0	82.99506549961816	0.13070551606649827	0.0
AG-Zf-T-ChIC-K27me3-i8_AGGCCTGC	4575	74.73224043715847	0.0	0.0	0.0	0.0	0.0	0.0	0.0	0.0	74.66666666666667	0.2185792349726776	0.0
AG-Zf-T-ChIC-K27me3-i8_AGCCGAGG	551	74.9546279491833	0.0	0.0	0.0	0.0	0.0	0.0	0.0	0.0	74.59165154264973	1.6333938294010888	0.0
AG-Zf-T-ChIC-K27me3-i8_CACAATTG	894	86.35346756152126	0.0	0.0	0.0	0.0	0.0	0.0	0.0	0.0	86.35346756152126	2.684563758389262	0.0
AG-Zf-T-ChIC-K27me3-i8_TCCGCAAC	7650	75.37254901960785	0.0	0.0	0.0	0.0	0.0	0.0	0.0	0.0	75.3202614379085	0.261437908496732	0.0
AG-Zf-T-ChIC-K27me3-i8_CGCCTTCG	1797	72.50973845297717	0.0	0.0	0.0	0.0	0.0	0.0	0.0	0.0	72.45409015025042	0.1669449081803005	0.0
AG-Zf-T-ChIC-K27me3-i8_GGTAGGTC	9670	83.41261633919338	0.0	0.0	0.0	0.0	0.0	0.0	0.0	0.0	83.36091003102378	0.4136504653567736	0.0
AG-Zf-T-ChIC-K27me3-i8_GCGAATTA	145	89.65517241379311	0.0	0.0	0.0	0.0	0.0	0.0	0.0	0.0	89.65517241379311	13.10344827586207	0.0
AG-Zf-T-ChIC-K27me3-i8_GTGTGGAA	70778	85.60710955381616	0.0	0.0	0.0	0.0	0.0	0.0	0.0	0.0	85.57320071208568	0.20204018197745063	0.0
AG-Zf-T-ChIC-K27me3-i8_TTACATAA	52790	88.42962682326198	0.0	0.0	0.0	0.0	0.0	0.0	0.0	0.0	88.41257813979921	0.1269179768895624	0.0
AG-Zf-T-ChIC-K27me3-i8_TATTGCCT	128166	83.01655665309052	0.0	0.0	0.0	0.0	0.0	0.0	0.0	0.0	82.99080879484418	0.2270492954449698	0.0
AG-Zf-T-ChIC-K27me3-i8_AGGCCATG	89246	86.8274208367882	0.0	0.0	0.0	0.0	0.0	0.0	0.0	0.0	86.80613136723214	0.1815207404253412	0.0
AG-Zf-T-ChIC-K27me3-i8_ACTTGAAT	5910	77.20812182741116	0.0	0.0	0.0	0.0	0.0	0.0	0.0	0.0	77.17428087986463	0.6091370558375634	0.0
AG-Zf-T-ChIC-K27me3-i8_GAATCCGA	1023	70.67448680351906	0.0	0.0	0.0	0.0	0.0	0.0	0.0	0.0	70.57673509286413	0.19550342130987292	0.0
AG-Zf-T-ChIC-K27me3-i8_GGCCGCGA	1222	75.85924713584288	0.0	0.0	0.0	0.0	0.0	0.0	0.0	0.0	75.85924713584288	0.08183306055646482	0.0
AG-Zf-T-ChIC-K27me3-i8_TCAATATT	13512	77.88632326820604	0.0	0.0	0.0	0.0	0.0	0.0	0.0	0.0	77.87152161042037	0.18502072232089994	0.0
AG-Zf-T-ChIC-K27me3-i8_GCCGGTCG	3927	72.88006111535523	0.0	0.0	0.0	0.0	0.0	0.0	0.0	0.0	72.88006111535523	0.05092946269416857	0.0
AG-Zf-T-ChIC-K27me3-i8_GGCTCGCC	11686	75.0727366079069	0.0	0.0	0.0	0.0	0.0	0.0	0.0	0.0	75.0385076159507	0.154030463802841	0.0
AG-Zf-T-ChIC-K27me3-i8_CCGCAAGA	4007	73.67107561766908	0.0	0.0	0.0	0.0	0.0	0.0	0.0	0.0	73.64611929124032	0.39930122285999503	0.0
AG-Zf-T-ChIC-K27me3-i8_ATATTAAG	3905	76.79897567221511	0.0	0.0	0.0	0.0	0.0	0.0	0.0	0.0	76.79897567221511	0.48655569782330343	0.0
AG-Zf-T-ChIC-K27me3-i8_AGGAACGT	823	69.38031591737546	0.0	0.0	0.0	0.0	0.0	0.0	0.0	0.0	69.38031591737546	0.0	0.0
AG-Zf-T-ChIC-K27me3-i8_GCGAAGGC	5643	78.71699450646818	0.0	0.0	0.0	0.0	0.0	0.0	0.0	0.0	78.71699450646818	0.2835371256423888	0.0
AG-Zf-T-ChIC-K27me3-i8_GCCGCGGA	38213	79.99371941485882	0.0	0.0	0.0	0.0	0.0	0.0	0.0	0.0	79.9675503101039	0.19365137518645487	0.0
AG-Zf-T-ChIC-K27me3-i8_ACGGTAAT	14552	79.35678944474986	0.0	0.0	0.0	0.0	0.0	0.0	0.0	0.0	79.32930181418362	0.254260582737768	0.0
AG-Zf-T-ChIC-K27me3-i8_TCCTATTC	2130	77.74647887323944	0.0	0.0	0.0	0.0	0.0	0.0	0.0	0.0	77.65258215962442	1.6901408450704223	0.0
AG-Zf-T-ChIC-K27me3-i8_CCAAGCGT	2341	71.0807347287484	0.0	0.0	0.0	0.0	0.0	0.0	0.0	0.0	70.99530115335327	0.299017513882956	0.0
AG-Zf-T-ChIC-K27me3-i8_CAAGCTTC	3290	75.2887537993921	0.0	0.0	0.0	0.0	0.0	0.0	0.0	0.0	75.2887537993921	0.2735562310030395	0.0
AG-Zf-T-ChIC-K27me3-i8_GAGTTCCA	259	70.65637065637065	0.0	0.0	0.0	0.0	0.0	0.0	0.0	0.0	70.27027027027027	0.3861003861003861	0.0
AG-Zf-T-ChIC-K27me3-i8_TTCTCAAT	3165	73.36492890995261	0.0	0.0	0.0	0.0	0.0	0.0	0.0	0.0	73.23854660347551	0.2527646129541864	0.0
AG-Zf-T-ChIC-K27me3-i8_CCGGTCGC	626	69.96805111821087	0.0	0.0	0.0	0.0	0.0	0.0	0.0	0.0	69.96805111821087	0.6389776357827476	0.0
AG-Zf-T-ChIC-K27me3-i8_GTTGAAGC	797	98.99623588456713	0.0	0.0	0.0	0.0	0.0	0.0	0.0	0.0	98.99623588456713	0.5018820577164366	0.0
AG-Zf-T-ChIC-K27me3-i8_GGACCAGC	2828	74.6110325318246	0.0	0.0	0.0	0.0	0.0	0.0	0.0	0.0	74.6110325318246	0.3536067892503536	0.0
AG-Zf-T-ChIC-K27me3-i8_TCATTAAC	7901	77.52183267940767	0.0	0.0	0.0	0.0	0.0	0.0	0.0	0.0	77.48386280217694	0.21516263764080495	0.0
AG-Zf-T-ChIC-K27me3-i8_ACCTTATG	4174	73.40680402491616	0.0	0.0	0.0	0.0	0.0	0.0	0.0	0.0	73.310972688069	0.21562050790608528	0.0
AG-Zf-T-ChIC-K27me3-i8_TCATTCCT	5568	75.21551724137932	0.0	0.0	0.0	0.0	0.0	0.0	0.0	0.0	75.21551724137932	0.07183908045977011	0.0
AG-Zf-T-ChIC-K27me3-i8_AATCTAGG	5803	76.59831121833534	0.0	0.0	0.0	0.0	0.0	0.0	0.0	0.0	76.58107875236946	0.5514389109081509	0.0
AG-Zf-T-ChIC-K27me3-i8_CCAACTCG	3792	75.76476793248945	0.0	0.0	0.0	0.0	0.0	0.0	0.0	0.0	75.76476793248945	0.21097046413502107	0.0
AG-Zf-T-ChIC-K27me3-i8_GGTCAATC	9337	77.16611331262719	0.0	0.0	0.0	0.0	0.0	0.0	0.0	0.0	77.13398307807647	0.27846203277283926	0.0
AG-Zf-T-ChIC-K27me3-i8_GTGGCAAG	3460	76.5606936416185	0.0	0.0	0.0	0.0	0.0	0.0	0.0	0.0	76.53179190751445	0.23121387283236997	0.0
AG-Zf-T-ChIC-K27me3-i8_TTGCCAGA	4665	77.2561629153269	0.0	0.0	0.0	0.0	0.0	0.0	0.0	0.0	77.2347266881029	0.19292604501607716	0.0
AG-Zf-T-ChIC-K27me3-i8_TAATAGCC	10148	77.25660228616476	0.0	0.0	0.0	0.0	0.0	0.0	0.0	0.0	77.19747733543555	0.17737485218762317	0.0
AG-Zf-T-ChIC-K27me3-i8_CGTGGTAA	3313	74.88680953818292	0.0	0.0	0.0	0.0	0.0	0.0	0.0	0.0	74.88680953818292	0.3622094778146695	0.0
AG-Zf-T-ChIC-K27me3-i8_CATATTAA	8674	75.58219967719621	0.0	0.0	0.0	0.0	0.0	0.0	0.0	0.0	75.55914226423795	0.26516024902005997	0.0
AG-Zf-T-ChIC-K27me3-i8_CACCGGTG	3878	75.91542031975244	0.0	0.0	0.0	0.0	0.0	0.0	0.0	0.0	75.86384734399175	0.18050541516245489	0.0
AG-Zf-T-ChIC-K27me3-i8_CCACGGAG	9290	73.84284176533907	0.0	0.0	0.0	0.0	0.0	0.0	0.0	0.0	73.82131324004305	0.12917115177610333	0.0
AG-Zf-T-ChIC-K27me3-i8_CCGTGCGG	690	74.92753623188406	0.0	0.0	0.0	0.0	0.0	0.0	0.0	0.0	74.92753623188406	0.0	0.0
AG-Zf-T-ChIC-K27me3-i8_GGACACCG	5119	75.44442273881617	0.0	0.0	0.0	0.0	0.0	0.0	0.0	0.0	75.4248876733737	0.039070130884938464	0.0
AG-Zf-T-ChIC-K27me3-i8_TAATGATT	9032	75.49822852081488	0.0	0.0	0.0	0.0	0.0	0.0	0.0	0.0	75.47608503100088	0.1771479185119575	0.0
AG-Zf-T-ChIC-K27me3-i8_AAGCCGAG	5697	73.72301211163771	0.0	0.0	0.0	0.0	0.0	0.0	0.0	0.0	73.63524662102861	0.19308407934000352	0.0
AG-Zf-T-ChIC-K27me3-i8_ACTAAGCC	2130	81.69014084507043	0.0	0.0	0.0	0.0	0.0	0.0	0.0	0.0	81.64319248826291	0.28169014084507044	0.0
AG-Zf-T-ChIC-K27me3-i8_CTCCAGCC	18	100.0	0.0	0.0	0.0	0.0	0.0	0.0	0.0	0.0	100.0	0.0	0.0
AG-Zf-T-ChIC-K27me3-i8_GAATGGAT	44	90.9090909090909	0.0	0.0	0.0	0.0	0.0	0.0	0.0	0.0	90.9090909090909	2.272727272727273	0.0
AG-Zf-T-ChIC-K27me3-i8_CGCCAATA	4	100.0	0.0	0.0	0.0	0.0	0.0	0.0	0.0	0.0	100.0	0.0	0.0
AG-Zf-T-ChIC-K27me3-i8_CCGCGGCA	2	100.0	0.0	0.0	0.0	0.0	0.0	0.0	0.0	0.0	100.0	0.0	0.0
AG-Zf-T-ChIC-K27me3-i8_CTAATAGG	3547	74.62644488299972	0.0	0.0	0.0	0.0	0.0	0.0	0.0	0.0	74.62644488299972	0.5074711023400056	0.0
AG-Zf-T-ChIC-K27me3-i8_AAGCATTA	5486	76.08457892818082	0.0	0.0	0.0	0.0	0.0	0.0	0.0	0.0	76.08457892818082	0.16405395552314983	0.0
AG-Zf-T-ChIC-K27me3-i8_GGCCTCTC	760	81.44736842105263	0.0	0.0	0.0	0.0	0.0	0.0	0.0	0.0	81.44736842105263	0.39473684210526316	0.0
AG-Zf-T-ChIC-K27me3-i8_TTGCGCCA	14917	77.68318026412817	0.0	0.0	0.0	0.0	0.0	0.0	0.0	0.0	77.66977274250854	0.12737145538647182	0.0
AG-Zf-T-ChIC-K27me3-i8_GGCCATAC	12174	80.69656645309676	0.0	0.0	0.0	0.0	0.0	0.0	0.0	0.0	80.62263840972564	0.2382125841958272	0.0
AG-Zf-T-ChIC-K27me3-i8_AAGGCTAC	4896	74.87745098039215	0.0	0.0	0.0	0.0	0.0	0.0	0.0	0.0	74.87745098039215	0.30637254901960786	0.0
AG-Zf-T-ChIC-K27me3-i8_CCATCCAC	12936	82.82312925170068	0.0	0.0	0.0	0.0	0.0	0.0	0.0	0.0	82.81539888682747	0.11595547309833025	0.0
AG-Zf-T-ChIC-K27me3-i8_GACCGTGG	3122	73.25432415118513	0.0	0.0	0.0	0.0	0.0	0.0	0.0	0.0	73.2222934016656	0.19218449711723257	0.0
AG-Zf-T-ChIC-K27me3-i8_TTAATCAT	13172	78.83389006984513	0.0	0.0	0.0	0.0	0.0	0.0	0.0	0.0	78.82629820832068	0.18220467658669906	0.0
AG-Zf-T-ChIC-K27me3-i8_TAAGAAGA	6573	78.7616004868401	0.0	0.0	0.0	0.0	0.0	0.0	0.0	0.0	78.73117298037425	0.3651300775901415	0.0
AG-Zf-T-ChIC-K27me3-i8_GGCACGGT	7217	74.2552307052792	0.0	0.0	0.0	0.0	0.0	0.0	0.0	0.0	74.22751835942913	0.16627407510045725	0.0
AG-Zf-T-ChIC-K27me3-i8_TGGCCTAT	7252	74.91726420297849	0.0	0.0	0.0	0.0	0.0	0.0	0.0	0.0	74.83452840595697	0.1654715940430226	0.0
AG-Zf-T-ChIC-K27me3-i8_CGGCCACA	2664	76.95195195195194	0.0	0.0	0.0	0.0	0.0	0.0	0.0	0.0	76.91441441441441	0.22522522522522523	0.0
AG-Zf-T-ChIC-K27me3-i8_GCCGTTGC	2576	72.39906832298136	0.0	0.0	0.0	0.0	0.0	0.0	0.0	0.0	72.32142857142857	0.2329192546583851	0.0
AG-Zf-T-ChIC-K27me3-i8_CGCGGTGG	4484	72.45762711864407	0.0	0.0	0.0	0.0	0.0	0.0	0.0	0.0	72.45762711864407	0.022301516503122214	0.0
AG-Zf-T-ChIC-K27me3-i8_GGTCCGTA	17262	76.60178426601784	0.0	0.0	0.0	0.0	0.0	0.0	0.0	0.0	76.59599119453134	0.1332406441895493	0.0
AG-Zf-T-ChIC-K27me3-i8_AGGTCACC	13016	75.85279655808236	0.0	0.0	0.0	0.0	0.0	0.0	0.0	0.0	75.8220651505839	0.14597418561770129	0.0
AG-Zf-T-ChIC-K27me3-i8_GAACGCAA	4237	73.33018645267877	0.0	0.0	0.0	0.0	0.0	0.0	0.0	0.0	73.30658484776966	0.2124144441822044	0.0
AG-Zf-T-ChIC-K27me3-i8_CTGGAACA	1247	73.29591018444266	0.0	0.0	0.0	0.0	0.0	0.0	0.0	0.0	73.29591018444266	0.8821170809943866	0.0
AG-Zf-T-ChIC-K27me3-i8_CCAACAGC	1642	74.96954933008526	0.0	0.0	0.0	0.0	0.0	0.0	0.0	0.0	74.96954933008526	0.06090133982947624	0.0
AG-Zf-T-ChIC-K27me3-i8_TCGCCGCC	11	100.0	0.0	0.0	0.0	0.0	0.0	0.0	0.0	0.0	100.0	27.27272727272727	0.0
AG-Zf-T-ChIC-K27me3-i8_TCTAACCT	19	94.73684210526315	0.0	0.0	0.0	0.0	0.0	0.0	0.0	0.0	94.73684210526315	10.526315789473683	0.0
AG-Zf-T-ChIC-K27me3-i8_CCTCCGCG	13	69.23076923076923	0.0	0.0	0.0	0.0	0.0	0.0	0.0	0.0	69.23076923076923	7.6923076923076925	0.0
AG-Zf-T-ChIC-K27me3-i8_ACATGGTT	113	77.87610619469027	0.0	0.0	0.0	0.0	0.0	0.0	0.0	0.0	77.87610619469027	3.5398230088495577	0.0
